  1.42077677   0.96013932   1.09171752   1.08440070   1.09171752 108.12930637 111.65221523 107.18733878 111.65221523  61.43364279 180.00000000 298.56635721
  1.45577677   0.96013932   1.09171752   1.08440070   1.09171752 108.12930637 111.65221523 107.18733878 111.65221523  61.43364279 180.00000000 298.56635721
  1.38577677   0.96013932   1.09171752   1.08440070   1.09171752 108.12930637 111.65221523 107.18733878 111.65221523  61.43364279 180.00000000 298.56635721
  1.46077677   0.96013932   1.09171752   1.08440070   1.09171752 108.12930637 111.65221523 107.18733878 111.65221523  61.43364279 180.00000000 298.56635721
  1.38077677   0.96013932   1.09171752   1.08440070   1.09171752 108.12930637 111.65221523 107.18733878 111.65221523  61.43364279 180.00000000 298.56635721
  1.46577677   0.96013932   1.09171752   1.08440070   1.09171752 108.12930637 111.65221523 107.18733878 111.65221523  61.43364279 180.00000000 298.56635721
  1.37577677   0.96013932   1.09171752   1.08440070   1.09171752 108.12930637 111.65221523 107.18733878 111.65221523  61.43364279 180.00000000 298.56635721
  1.47077677   0.96013932   1.09171752   1.08440070   1.09171752 108.12930637 111.65221523 107.18733878 111.65221523  61.43364279 180.00000000 298.56635721
  1.37077677   0.96013932   1.09171752   1.08440070   1.09171752 108.12930637 111.65221523 107.18733878 111.65221523  61.43364279 180.00000000 298.56635721
  1.47577677   0.96013932   1.09171752   1.08440070   1.09171752 108.12930637 111.65221523 107.18733878 111.65221523  61.43364279 180.00000000 298.56635721
  1.36577677   0.96013932   1.09171752   1.08440070   1.09171752 108.12930637 111.65221523 107.18733878 111.65221523  61.43364279 180.00000000 298.56635721
  1.48077677   0.96013932   1.09171752   1.08440070   1.09171752 108.12930637 111.65221523 107.18733878 111.65221523  61.43364279 180.00000000 298.56635721
  1.36077677   0.96013932   1.09171752   1.08440070   1.09171752 108.12930637 111.65221523 107.18733878 111.65221523  61.43364279 180.00000000 298.56635721
  1.42077677   0.99513932   1.09171752   1.08440070   1.09171752 108.12930637 111.65221523 107.18733878 111.65221523  61.43364279 180.00000000 298.56635721
  1.42077677   0.92513932   1.09171752   1.08440070   1.09171752 108.12930637 111.65221523 107.18733878 111.65221523  61.43364279 180.00000000 298.56635721
  1.42077677   1.00013932   1.09171752   1.08440070   1.09171752 108.12930637 111.65221523 107.18733878 111.65221523  61.43364279 180.00000000 298.56635721
  1.42077677   0.92013932   1.09171752   1.08440070   1.09171752 108.12930637 111.65221523 107.18733878 111.65221523  61.43364279 180.00000000 298.56635721
  1.42077677   1.00513932   1.09171752   1.08440070   1.09171752 108.12930637 111.65221523 107.18733878 111.65221523  61.43364279 180.00000000 298.56635721
  1.42077677   0.91513932   1.09171752   1.08440070   1.09171752 108.12930637 111.65221523 107.18733878 111.65221523  61.43364279 180.00000000 298.56635721
  1.42077677   1.01013932   1.09171752   1.08440070   1.09171752 108.12930637 111.65221523 107.18733878 111.65221523  61.43364279 180.00000000 298.56635721
  1.42077677   0.91013932   1.09171752   1.08440070   1.09171752 108.12930637 111.65221523 107.18733878 111.65221523  61.43364279 180.00000000 298.56635721
  1.42077677   1.01513932   1.09171752   1.08440070   1.09171752 108.12930637 111.65221523 107.18733878 111.65221523  61.43364279 180.00000000 298.56635721
  1.42077677   0.90513932   1.09171752   1.08440070   1.09171752 108.12930637 111.65221523 107.18733878 111.65221523  61.43364279 180.00000000 298.56635721
  1.42077677   1.02013932   1.09171752   1.08440070   1.09171752 108.12930637 111.65221523 107.18733878 111.65221523  61.43364279 180.00000000 298.56635721
  1.42077677   0.90013932   1.09171752   1.08440070   1.09171752 108.12930637 111.65221523 107.18733878 111.65221523  61.43364279 180.00000000 298.56635721
  1.42077677   0.96013932   1.12671752   1.08440070   1.09171752 108.12930637 111.65221523 107.18733878 111.65221523  61.43364279 180.00000000 298.56635721
  1.42077677   0.96013932   1.05671752   1.08440070   1.09171752 108.12930637 111.65221523 107.18733878 111.65221523  61.43364279 180.00000000 298.56635721
  1.42077677   0.96013932   1.13171752   1.08440070   1.09171752 108.12930637 111.65221523 107.18733878 111.65221523  61.43364279 180.00000000 298.56635721
  1.42077677   0.96013932   1.05171752   1.08440070   1.09171752 108.12930637 111.65221523 107.18733878 111.65221523  61.43364279 180.00000000 298.56635721
  1.42077677   0.96013932   1.13671752   1.08440070   1.09171752 108.12930637 111.65221523 107.18733878 111.65221523  61.43364279 180.00000000 298.56635721
  1.42077677   0.96013932   1.04671752   1.08440070   1.09171752 108.12930637 111.65221523 107.18733878 111.65221523  61.43364279 180.00000000 298.56635721
  1.42077677   0.96013932   1.14171752   1.08440070   1.09171752 108.12930637 111.65221523 107.18733878 111.65221523  61.43364279 180.00000000 298.56635721
  1.42077677   0.96013932   1.04171752   1.08440070   1.09171752 108.12930637 111.65221523 107.18733878 111.65221523  61.43364279 180.00000000 298.56635721
  1.42077677   0.96013932   1.14671752   1.08440070   1.09171752 108.12930637 111.65221523 107.18733878 111.65221523  61.43364279 180.00000000 298.56635721
  1.42077677   0.96013932   1.03671752   1.08440070   1.09171752 108.12930637 111.65221523 107.18733878 111.65221523  61.43364279 180.00000000 298.56635721
  1.42077677   0.96013932   1.15171752   1.08440070   1.09171752 108.12930637 111.65221523 107.18733878 111.65221523  61.43364279 180.00000000 298.56635721
  1.42077677   0.96013932   1.03171752   1.08440070   1.09171752 108.12930637 111.65221523 107.18733878 111.65221523  61.43364279 180.00000000 298.56635721
  1.42077677   0.96013932   1.09171752   1.11940070   1.09171752 108.12930637 111.65221523 107.18733878 111.65221523  61.43364279 180.00000000 298.56635721
  1.42077677   0.96013932   1.09171752   1.04940070   1.09171752 108.12930637 111.65221523 107.18733878 111.65221523  61.43364279 180.00000000 298.56635721
  1.42077677   0.96013932   1.09171752   1.12440070   1.09171752 108.12930637 111.65221523 107.18733878 111.65221523  61.43364279 180.00000000 298.56635721
  1.42077677   0.96013932   1.09171752   1.04440070   1.09171752 108.12930637 111.65221523 107.18733878 111.65221523  61.43364279 180.00000000 298.56635721
  1.42077677   0.96013932   1.09171752   1.12940070   1.09171752 108.12930637 111.65221523 107.18733878 111.65221523  61.43364279 180.00000000 298.56635721
  1.42077677   0.96013932   1.09171752   1.03940070   1.09171752 108.12930637 111.65221523 107.18733878 111.65221523  61.43364279 180.00000000 298.56635721
  1.42077677   0.96013932   1.09171752   1.13440070   1.09171752 108.12930637 111.65221523 107.18733878 111.65221523  61.43364279 180.00000000 298.56635721
  1.42077677   0.96013932   1.09171752   1.03440070   1.09171752 108.12930637 111.65221523 107.18733878 111.65221523  61.43364279 180.00000000 298.56635721
  1.42077677   0.96013932   1.09171752   1.13940070   1.09171752 108.12930637 111.65221523 107.18733878 111.65221523  61.43364279 180.00000000 298.56635721
  1.42077677   0.96013932   1.09171752   1.02940070   1.09171752 108.12930637 111.65221523 107.18733878 111.65221523  61.43364279 180.00000000 298.56635721
  1.42077677   0.96013932   1.09171752   1.14440070   1.09171752 108.12930637 111.65221523 107.18733878 111.65221523  61.43364279 180.00000000 298.56635721
  1.42077677   0.96013932   1.09171752   1.02440070   1.09171752 108.12930637 111.65221523 107.18733878 111.65221523  61.43364279 180.00000000 298.56635721
  1.42077677   0.96013932   1.09171752   1.08440070   1.09171752 109.87930637 111.65221523 107.18733878 111.65221523  61.43364279 180.00000000 298.56635721
  1.42077677   0.96013932   1.09171752   1.08440070   1.09171752 106.37930637 111.65221523 107.18733878 111.65221523  61.43364279 180.00000000 298.56635721
  1.42077677   0.96013932   1.09171752   1.08440070   1.09171752 110.12930637 111.65221523 107.18733878 111.65221523  61.43364279 180.00000000 298.56635721
  1.42077677   0.96013932   1.09171752   1.08440070   1.09171752 110.12930637 111.65221523 107.18733878 111.65221523  61.43364279 180.00000000 298.56635721
  1.42077677   0.96013932   1.09171752   1.08440070   1.09171752 110.37930637 111.65221523 107.18733878 111.65221523  61.43364279 180.00000000 298.56635721
  1.42077677   0.96013932   1.09171752   1.08440070   1.09171752 105.87930637 111.65221523 107.18733878 111.65221523  61.43364279 180.00000000 298.56635721
  1.42077677   0.96013932   1.09171752   1.08440070   1.09171752 110.62930637 111.65221523 107.18733878 111.65221523  61.43364279 180.00000000 298.56635721
  1.42077677   0.96013932   1.09171752   1.08440070   1.09171752 105.62930637 111.65221523 107.18733878 111.65221523  61.43364279 180.00000000 298.56635721
  1.42077677   0.96013932   1.09171752   1.08440070   1.09171752 111.87930637 111.65221523 107.18733878 111.65221523  61.43364279 180.00000000 298.56635721
  1.42077677   0.96013932   1.09171752   1.08440070   1.09171752 104.37930637 111.65221523 107.18733878 111.65221523  61.43364279 180.00000000 298.56635721
  1.42077677   0.96013932   1.09171752   1.08440070   1.09171752 112.12930637 111.65221523 107.18733878 111.65221523  61.43364279 180.00000000 298.56635721
  1.42077677   0.96013932   1.09171752   1.08440070   1.09171752 104.12930637 111.65221523 107.18733878 111.65221523  61.43364279 180.00000000 298.56635721
  1.42077677   0.96013932   1.09171752   1.08440070   1.09171752 108.12930637 113.40221523 107.18733878 111.65221523  61.43364279 180.00000000 298.56635721
  1.42077677   0.96013932   1.09171752   1.08440070   1.09171752 108.12930637 109.90221523 107.18733878 111.65221523  61.43364279 180.00000000 298.56635721
  1.42077677   0.96013932   1.09171752   1.08440070   1.09171752 108.12930637 113.65221523 107.18733878 111.65221523  61.43364279 180.00000000 298.56635721
  1.42077677   0.96013932   1.09171752   1.08440070   1.09171752 108.12930637 113.65221523 107.18733878 111.65221523  61.43364279 180.00000000 298.56635721
  1.42077677   0.96013932   1.09171752   1.08440070   1.09171752 108.12930637 113.90221523 107.18733878 111.65221523  61.43364279 180.00000000 298.56635721
  1.42077677   0.96013932   1.09171752   1.08440070   1.09171752 108.12930637 109.40221523 107.18733878 111.65221523  61.43364279 180.00000000 298.56635721
  1.42077677   0.96013932   1.09171752   1.08440070   1.09171752 108.12930637 114.15221523 107.18733878 111.65221523  61.43364279 180.00000000 298.56635721
  1.42077677   0.96013932   1.09171752   1.08440070   1.09171752 108.12930637 109.15221523 107.18733878 111.65221523  61.43364279 180.00000000 298.56635721
  1.42077677   0.96013932   1.09171752   1.08440070   1.09171752 108.12930637 115.40221523 107.18733878 111.65221523  61.43364279 180.00000000 298.56635721
  1.42077677   0.96013932   1.09171752   1.08440070   1.09171752 108.12930637 107.90221523 107.18733878 111.65221523  61.43364279 180.00000000 298.56635721
  1.42077677   0.96013932   1.09171752   1.08440070   1.09171752 108.12930637 115.65221523 107.18733878 111.65221523  61.43364279 180.00000000 298.56635721
  1.42077677   0.96013932   1.09171752   1.08440070   1.09171752 108.12930637 107.65221523 107.18733878 111.65221523  61.43364279 180.00000000 298.56635721
  1.42077677   0.96013932   1.09171752   1.08440070   1.09171752 108.12930637 111.65221523 108.93733878 111.65221523  61.43364279 180.00000000 298.56635721
  1.42077677   0.96013932   1.09171752   1.08440070   1.09171752 108.12930637 111.65221523 105.43733878 111.65221523  61.43364279 180.00000000 298.56635721
  1.42077677   0.96013932   1.09171752   1.08440070   1.09171752 108.12930637 111.65221523 109.18733878 111.65221523  61.43364279 180.00000000 298.56635721
  1.42077677   0.96013932   1.09171752   1.08440070   1.09171752 108.12930637 111.65221523 109.18733878 111.65221523  61.43364279 180.00000000 298.56635721
  1.42077677   0.96013932   1.09171752   1.08440070   1.09171752 108.12930637 111.65221523 109.43733878 111.65221523  61.43364279 180.00000000 298.56635721
  1.42077677   0.96013932   1.09171752   1.08440070   1.09171752 108.12930637 111.65221523 104.93733878 111.65221523  61.43364279 180.00000000 298.56635721
  1.42077677   0.96013932   1.09171752   1.08440070   1.09171752 108.12930637 111.65221523 109.68733878 111.65221523  61.43364279 180.00000000 298.56635721
  1.42077677   0.96013932   1.09171752   1.08440070   1.09171752 108.12930637 111.65221523 104.68733878 111.65221523  61.43364279 180.00000000 298.56635721
  1.42077677   0.96013932   1.09171752   1.08440070   1.09171752 108.12930637 111.65221523 110.93733878 111.65221523  61.43364279 180.00000000 298.56635721
  1.42077677   0.96013932   1.09171752   1.08440070   1.09171752 108.12930637 111.65221523 103.43733878 111.65221523  61.43364279 180.00000000 298.56635721
  1.42077677   0.96013932   1.09171752   1.08440070   1.09171752 108.12930637 111.65221523 111.18733878 111.65221523  61.43364279 180.00000000 298.56635721
  1.42077677   0.96013932   1.09171752   1.08440070   1.09171752 108.12930637 111.65221523 103.18733878 111.65221523  61.43364279 180.00000000 298.56635721
  1.42077677   0.96013932   1.09171752   1.08440070   1.09171752 108.12930637 111.65221523 107.18733878 111.65221523  61.43364279 179.28556549 299.28079172
  1.42077677   0.96013932   1.09171752   1.08440070   1.09171752 108.12930637 111.65221523 107.18733878 111.65221523  61.43364279 180.71443451 297.85192270
  1.42077677   0.96013932   1.09171752   1.08440070   1.09171752 108.12930637 111.65221523 107.18733878 111.65221523  61.43364279 179.18350342 299.38285379
  1.42077677   0.96013932   1.09171752   1.08440070   1.09171752 108.12930637 111.65221523 107.18733878 111.65221523  61.43364279 179.18350342 299.38285379
  1.42077677   0.96013932   1.09171752   1.08440070   1.09171752 108.12930637 111.65221523 107.18733878 111.65221523  61.43364279 179.08144135 299.48491586
  1.42077677   0.96013932   1.09171752   1.08440070   1.09171752 108.12930637 111.65221523 107.18733878 111.65221523  61.43364279 180.91855865 297.64779856
  1.42077677   0.96013932   1.09171752   1.08440070   1.09171752 108.12930637 111.65221523 107.18733878 111.65221523  61.43364279 178.97937927 299.58697794
  1.42077677   0.96013932   1.09171752   1.08440070   1.09171752 108.12930637 111.65221523 107.18733878 111.65221523  61.43364279 181.02062073 297.54573648
  1.42077677   0.96013932   1.09171752   1.08440070   1.09171752 108.12930637 111.65221523 107.18733878 111.65221523  61.43364279 178.46906891 300.09728830
  1.42077677   0.96013932   1.09171752   1.08440070   1.09171752 108.12930637 111.65221523 107.18733878 111.65221523  61.43364279 181.53093109 297.03542612
  1.42077677   0.96013932   1.09171752   1.08440070   1.09171752 108.12930637 111.65221523 107.18733878 111.65221523  61.43364279 178.36700684 300.19935037
  1.42077677   0.96013932   1.09171752   1.08440070   1.09171752 108.12930637 111.65221523 107.18733878 111.65221523  61.43364279 181.63299316 296.93336405
  1.42077677   0.96013932   1.09171752   1.08440070   1.09171752 108.12930637 111.65221523 107.18733878 111.65221523  62.25860070 179.58752104 298.15387825
  1.42077677   0.96013932   1.09171752   1.08440070   1.09171752 108.12930637 111.65221523 107.18733878 111.65221523  60.60868488 180.41247896 298.97883617
  1.42077677   0.96013932   1.09171752   1.08440070   1.09171752 108.12930637 111.65221523 107.18733878 111.65221523  62.37645183 179.52859548 298.09495269
  1.42077677   0.96013932   1.09171752   1.08440070   1.09171752 108.12930637 111.65221523 107.18733878 111.65221523  62.37645183 179.52859548 298.09495269
  1.42077677   0.96013932   1.09171752   1.08440070   1.09171752 108.12930637 111.65221523 107.18733878 111.65221523  62.49430296 179.46966991 298.03602712
  1.42077677   0.96013932   1.09171752   1.08440070   1.09171752 108.12930637 111.65221523 107.18733878 111.65221523  60.37298262 180.53033009 299.09668730
  1.42077677   0.96013932   1.09171752   1.08440070   1.09171752 108.12930637 111.65221523 107.18733878 111.65221523  62.61215409 179.41074435 297.97710156
  1.42077677   0.96013932   1.09171752   1.08440070   1.09171752 108.12930637 111.65221523 107.18733878 111.65221523  60.25513149 180.58925565 299.15561286
  1.42077677   0.96013932   1.09171752   1.08440070   1.09171752 108.12930637 111.65221523 107.18733878 111.65221523  63.20140974 179.11611652 297.68247373
  1.42077677   0.96013932   1.09171752   1.08440070   1.09171752 108.12930637 111.65221523 107.18733878 111.65221523  59.66587584 180.88388348 299.45024069
  1.42077677   0.96013932   1.09171752   1.08440070   1.09171752 108.12930637 111.65221523 107.18733878 111.65221523  63.31926087 179.05719096 297.62354817
  1.42077677   0.96013932   1.09171752   1.08440070   1.09171752 108.12930637 111.65221523 107.18733878 111.65221523  59.54802471 180.94280904 299.50916625
  1.42077677   0.96013932   1.09176291   1.08440679   1.09166141 108.12930637 111.62801522 107.19092727 111.67426375  63.53364279 182.10000000 300.66635721
  1.42077677   0.96013932   1.09176480   1.08440738   1.09165848 108.12930637 111.62680511 107.19127707 111.67526402  63.63364279 182.20000000 300.76635721
  1.42077677   0.96013932   1.09176665   1.08440800   1.09165553 108.12930637 111.62558956 107.19164312 111.67625996  63.73364279 182.30000000 300.86635721
  1.42077677   0.96013932   1.09176849   1.08440865   1.09165256 108.12930637 111.62436853 107.19202543 111.67725160  63.83364279 182.40000000 300.96635721
  1.42077677   0.96013932   1.09177029   1.08440932   1.09164956 108.12930637 111.62314200 107.19242398 111.67823897  63.93364279 182.50000000 301.06635721
  1.42077677   0.96013932   1.09177208   1.08441003   1.09164654 108.12930637 111.62190994 107.19283878 111.67922208  64.03364279 182.60000000 301.16635721
  1.42077677   0.96013932   1.09177383   1.08441076   1.09164350 108.12930637 111.62067234 107.19326981 111.68020097  64.13364279 182.70000000 301.26635721
  1.42077677   0.96013932   1.09177556   1.08441152   1.09164044 108.12930637 111.61942915 107.19371709 111.68117566  64.23364279 182.80000000 301.36635721
  1.42077677   0.96013932   1.09177726   1.08441230   1.09163735 108.12930637 111.61818036 107.19418060 111.68214617  64.33364279 182.90000000 301.46635721
  1.42077677   0.96013932   1.09177894   1.08441312   1.09163425 108.12930637 111.61692594 107.19466035 111.68311253  64.43364279 183.00000000 301.56635721
  1.42077677   0.96013932   1.09178222   1.08441483   1.09162796 108.12930637 111.61440010 107.19566852 111.68503288  64.63364279 183.20000000 301.76635721
  1.42077677   0.96013932   1.09178539   1.08441665   1.09162159 108.12930637 111.61185141 107.19674158 111.68693691  64.83364279 183.40000000 301.96635721
  1.42077677   0.96013932   1.09178845   1.08441858   1.09161514 108.12930637 111.60927968 107.19787951 111.68882482  65.03364279 183.60000000 302.16635721
  1.42077677   0.96013932   1.09179141   1.08442061   1.09160859 108.12930637 111.60668469 107.19908227 111.69069678  65.23364279 183.80000000 302.36635721
  1.42077677   0.96013932   1.09177894   1.08441312   1.09163425 108.12930637 111.61692594 107.19466035 111.68311253  64.43364279 183.00000000 301.56635721
