 "MMM"   1.42077677   0.96013932   1.09171752   1.08440070   1.09171752   108.12930637   101.65221523   107.18733878   111.65221523   61.43364279   180.00000000   298.56635721   -115.60800142   100.0000
 "MMM"   1.42077677   0.96013932   1.09171752   1.08440070   1.09171752   108.12930637   131.65221523   107.18733878   111.65221523   61.43364279   180.00000000   298.56635721   -115.59733784   101.0000
 "MMM"   1.42077677   0.96013932   1.09171752   1.08440070   1.09171752   108.12930637   91.65221523   107.18733878   111.65221523   61.43364279   180.00000000   298.56635721   -115.59532261   102.0000
 "MMM"   1.42077677   0.96013932   1.09171752   1.08440070   1.09171752   108.12930637   141.65221523   107.18733878   111.65221523   61.43364279   180.00000000   298.56635721   -115.57902688   103.0000
 "MMM"   1.42077677   0.96013932   1.09171752   1.08440070   1.09171752   108.12930637   81.65221523   107.18733878   111.65221523   61.43364279   180.00000000   298.56635721   -115.57342716   104.0000
 "MMM"   1.42077677   0.96013932   1.09171752   1.08440070   1.09171752   108.12930637   161.65221523   107.18733878   111.65221523   61.43364279   180.00000000   298.56635721   -115.52206430   105.0000
 "MMM"   1.42077677   0.96013932   1.09171752   1.08440070   1.09171752   108.12930637   61.65221523   107.18733878   111.65221523   61.43364279   180.00000000   298.56635721   -115.50153382   106.0000
 "MMM"   1.42077677   0.96013932   1.09171752   1.08440070   1.09171752   108.12930637   171.65221523   107.18733878   111.65221523   61.43364279   180.00000000   298.56635721   -115.48477260   107.0000
 "MMM"   1.42077677   0.96013932   1.09171752   1.08440070   1.09171752   108.12930637   111.65221523   108.18733878   111.65221523   61.43364279   180.00000000   298.56635721   -115.61210713   108.0000
 "MMM"   1.42077677   0.96013932   1.09171752   1.08440070   1.09171752   108.12930637   111.65221523   106.18733878   111.65221523   61.43364279   180.00000000   298.56635721   -115.61217831   109.0000
 "MMM"   1.57077677   0.96013932   1.09171752   1.08440070   1.09171752   108.12930637   111.65221523   107.18733878   111.65221523   61.43364279   180.00000000   298.56635721   -115.60119554   10.0000
 "MMM"   1.42077677   0.96013932   1.09171752   1.08440070   1.09171752   108.12930637   111.65221523   109.68733878   111.65221523   61.43364279   180.00000000   298.56635721   -115.61184985   110.0000
 "MMM"   1.42077677   0.96013932   1.09171752   1.08440070   1.09171752   108.12930637   111.65221523   104.68733878   111.65221523   61.43364279   180.00000000   298.56635721   -115.61202495   111.0000
 "MMM"   1.42077677   0.96013932   1.09171752   1.08440070   1.09171752   108.12930637   111.65221523   112.18733878   111.65221523   61.43364279   180.00000000   298.56635721   -115.61103873   112.0000
 "MMM"   1.42077677   0.96013932   1.09171752   1.08440070   1.09171752   108.12930637   111.65221523   102.18733878   111.65221523   61.43364279   180.00000000   298.56635721   -115.61136843   113.0000
 "MMM"   1.42077677   0.96013932   1.09171752   1.08440070   1.09171752   108.12930637   111.65221523   114.68733878   111.65221523   61.43364279   180.00000000   298.56635721   -115.60975707   114.0000
 "MMM"   1.42077677   0.96013932   1.09171752   1.08440070   1.09171752   108.12930637   111.65221523   99.68733878   111.65221523   61.43364279   180.00000000   298.56635721   -115.61020019   115.0000
 "MMM"   1.42077677   0.96013932   1.09171752   1.08440070   1.09171752   108.12930637   111.65221523   117.18733878   111.65221523   61.43364279   180.00000000   298.56635721   -115.60801251   116.0000
 "MMM"   1.42077677   0.96013932   1.09171752   1.08440070   1.09171752   108.12930637   111.65221523   97.18733878   111.65221523   61.43364279   180.00000000   298.56635721   -115.60850690   117.0000
 "MMM"   1.42077677   0.96013932   1.09171752   1.08440070   1.09171752   108.12930637   111.65221523   127.18733878   111.65221523   61.43364279   180.00000000   298.56635721   -115.59653156   118.0000
 "MMM"   1.42077677   0.96013932   1.09171752   1.08440070   1.09171752   108.12930637   111.65221523   87.18733878   111.65221523   61.43364279   180.00000000   298.56635721   -115.59617098   119.0000
 "MMM"   1.27077677   0.96013932   1.09171752   1.08440070   1.09171752   108.12930637   111.65221523   107.18733878   111.65221523   61.43364279   180.00000000   298.56635721   -115.59316363   11.0000
 "MMM"   1.42077677   0.96013932   1.09171752   1.08440070   1.09171752   108.12930637   111.65221523   137.18733878   111.65221523   61.43364279   180.00000000   298.56635721   -115.57809104   120.0000
 "MMM"   1.42077677   0.96013932   1.09171752   1.08440070   1.09171752   108.12930637   111.65221523   77.18733878   111.65221523   61.43364279   180.00000000   298.56635721   -115.57406303   121.0000
 "MMM"   1.42077677   0.96013932   1.09171752   1.08440070   1.09171752   108.12930637   111.65221523   157.18733878   111.65221523   61.43364279   180.00000000   298.56635721   -115.52178484   122.0000
 "MMM"   1.42077677   0.96013932   1.09171752   1.08440070   1.09171752   108.12930637   111.65221523   57.18733878   111.65221523   61.43364279   180.00000000   298.56635721   -115.49673207   123.0000
 "MMM"   1.42077677   0.96013932   1.09171752   1.08440070   1.09171752   108.12930637   111.65221523   167.18733878   111.65221523   61.43364279   180.00000000   298.56635721   -115.48545606   124.0000
 "MMM"   1.42077677   0.96013932   1.09171752   1.08440070   1.09171752   108.12930637   111.65221523   107.18733878   111.65221523   61.43364279   179.59175171   298.97460550   -115.61217413   125.0000
 "MMM"   1.42077677   0.96013932   1.09171752   1.08440070   1.09171752   108.12930637   111.65221523   107.18733878   111.65221523   61.43364279   180.40824829   298.15810892   -115.61216177   126.0000
 "MMM"   1.42077677   0.96013932   1.09171752   1.08440070   1.09171752   108.12930637   111.65221523   107.18733878   111.65221523   61.43364279   178.97937927   299.58697794   -115.61211104   127.0000
 "MMM"   1.42077677   0.96013932   1.09171752   1.08440070   1.09171752   108.12930637   111.65221523   107.18733878   111.65221523   61.43364279   181.02062073   297.54573648   -115.61207923   128.0000
 "MMM"   1.42077677   0.96013932   1.09171752   1.08440070   1.09171752   108.12930637   111.65221523   107.18733878   111.65221523   61.43364279   177.95875855   300.60759866   -115.61187014   129.0000
 "MMM"   1.62077677   0.96013932   1.09171752   1.08440070   1.09171752   108.12930637   111.65221523   107.18733878   111.65221523   61.43364279   180.00000000   298.56635721   -115.59432754   12.0000
 "MMM"   1.42077677   0.96013932   1.09171752   1.08440070   1.09171752   108.12930637   111.65221523   107.18733878   111.65221523   61.43364279   182.04124145   296.52511576   -115.61180001   130.0000
 "MMM"   1.42077677   0.96013932   1.09171752   1.08440070   1.09171752   108.12930637   111.65221523   107.18733878   111.65221523   61.43364279   176.93813782   301.62821939   -115.61146237   131.0000
 "MMM"   1.42077677   0.96013932   1.09171752   1.08440070   1.09171752   108.12930637   111.65221523   107.18733878   111.65221523   61.43364279   183.06186218   295.50449503   -115.61134089   132.0000
 "MMM"   1.42077677   0.96013932   1.09171752   1.08440070   1.09171752   108.12930637   111.65221523   107.18733878   111.65221523   61.43364279   175.91751710   302.64884011   -115.61089100   133.0000
 "MMM"   1.42077677   0.96013932   1.09171752   1.08440070   1.09171752   108.12930637   111.65221523   107.18733878   111.65221523   61.43364279   184.08248290   294.48387431   -115.61069858   134.0000
 "MMM"   1.42077677   0.96013932   1.09171752   1.08440070   1.09171752   108.12930637   111.65221523   107.18733878   111.65221523   61.43364279   163.67006838   314.89628883   -115.59250765   135.0000
 "MMM"   1.42077677   0.96013932   1.09171752   1.08440070   1.09171752   108.12930637   111.65221523   107.18733878   111.65221523   61.43364279   196.32993162   282.23642559   -115.58745689   136.0000
 "MMM"   1.42077677   0.96013932   1.09171752   1.08440070   1.09171752   108.12930637   111.65221523   107.18733878   111.65221523   61.43364279   155.50510257   323.06125464   -115.57056103   137.0000
 "MMM"   1.42077677   0.96013932   1.09171752   1.08440070   1.09171752   108.12930637   111.65221523   107.18733878   111.65221523   61.43364279   204.49489743   274.07145978   -115.55392088   138.0000
 "MMM"   1.42077677   0.96013932   1.09171752   1.08440070   1.09171752   108.12930637   111.65221523   107.18733878   111.65221523   61.43364279   147.34013676   331.22622045   -115.54363402   139.0000
 "MMM"   1.22077677   0.96013932   1.09171752   1.08440070   1.09171752   108.12930637   111.65221523   107.18733878   111.65221523   61.43364279   180.00000000   298.56635721   -115.57448284   13.0000
 "MMM"   1.42077677   0.96013932   1.09171752   1.08440070   1.09171752   108.12930637   111.65221523   107.18733878   111.65221523   61.43364279   212.65986324   265.90649397   -115.50227837   140.0000
 "MMM"   1.42077677   0.96013932   1.09171752   1.08440070   1.09171752   108.12930637   111.65221523   107.18733878   111.65221523   61.43364279   139.17517095   339.39118626   -115.51463311   141.0000
 "MMM"   1.42077677   0.96013932   1.09171752   1.08440070   1.09171752   108.12930637   111.65221523   107.18733878   111.65221523   61.90504731   179.76429774   298.33065495   -115.61215776   142.0000
 "MMM"   1.42077677   0.96013932   1.09171752   1.08440070   1.09171752   108.12930637   111.65221523   107.18733878   111.65221523   60.96223827   180.23570226   298.80205947   -115.61217905   143.0000
 "MMM"   1.42077677   0.96013932   1.09171752   1.08440070   1.09171752   108.12930637   111.65221523   107.18733878   111.65221523   62.61215409   179.41074435   297.97710156   -115.61207141   144.0000
 "MMM"   1.42077677   0.96013932   1.09171752   1.08440070   1.09171752   108.12930637   111.65221523   107.18733878   111.65221523   60.25513149   180.58925565   299.15561286   -115.61212456   145.0000
 "MMM"   1.42077677   0.96013932   1.09171752   1.08440070   1.09171752   108.12930637   111.65221523   107.18733878   111.65221523   63.79066539   178.82148870   297.38784591   -115.61179352   146.0000
 "MMM"   1.42077677   0.96013932   1.09171752   1.08440070   1.09171752   108.12930637   111.65221523   107.18733878   111.65221523   59.07662019   181.17851130   299.74486851   -115.61189944   147.0000
 "MMM"   1.42077677   0.96013932   1.09171752   1.08440070   1.09171752   108.12930637   111.65221523   107.18733878   111.65221523   64.96917670   178.23223305   296.79859026   -115.61134837   148.0000
 "MMM"   1.42077677   0.96013932   1.09171752   1.08440070   1.09171752   108.12930637   111.65221523   107.18733878   111.65221523   57.89810888   181.76776695   300.33412416   -115.61150622   149.0000
 "MMM"   1.72077677   0.96013932   1.09171752   1.08440070   1.09171752   108.12930637   111.65221523   107.18733878   111.65221523   61.43364279   180.00000000   298.56635721   -115.57830918   14.0000
 "MMM"   1.42077677   0.96013932   1.09171752   1.08440070   1.09171752   108.12930637   111.65221523   107.18733878   111.65221523   66.14768800   177.64297740   296.20933461   -115.61073611   150.0000
 "MMM"   1.42077677   0.96013932   1.09171752   1.08440070   1.09171752   108.12930637   111.65221523   107.18733878   111.65221523   56.71959758   182.35702260   300.92337981   -115.61094469   151.0000
 "MMM"   1.42077677   0.96013932   1.09171752   1.08440070   1.09171752   108.12930637   111.65221523   107.18733878   111.65221523   80.28982362   170.57190958   289.13826679   -115.59043980   152.0000
 "MMM"   1.42077677   0.96013932   1.09171752   1.08440070   1.09171752   108.12930637   111.65221523   107.18733878   111.65221523   42.57746196   189.42809042   307.99444763   -115.59099492   153.0000
 "MMM"   1.42077677   0.96013932   1.09171752   1.08440070   1.09171752   108.12930637   111.65221523   107.18733878   111.65221523   89.71791404   165.85786438   284.42422159   -115.56389694   154.0000
 "MMM"   1.42077677   0.96013932   1.09171752   1.08440070   1.09171752   108.12930637   111.65221523   107.18733878   111.65221523   33.14937154   194.14213562   312.70849283   -115.56410618   155.0000
 "MMM"   1.42077677   0.96013932   1.09171752   1.08440070   1.09171752   108.12930637   111.65221523   107.18733878   111.65221523   99.14600445   161.14381917   279.71017638   -115.52751104   156.0000
 "MMM"   1.42077677   0.96013932   1.09171752   1.08440070   1.09171752   108.12930637   111.65221523   107.18733878   111.65221523   23.72128113   198.85618083   317.42253804   -115.52665518   157.0000
 "MMM"   1.42077677   0.96013932   1.09171752   1.08440070   1.09171752   108.12930637   111.65221523   107.18733878   111.65221523   108.57409487   156.42977396   274.99613117   -115.47978422   158.0000
 "MMM"   1.42077677   0.96013932   1.09180692   1.08443516   1.09156755   108.12930637   111.59061441   107.20765833   111.70160447   66.43364279   185.00000000   303.56635721   -115.61215478   159.0000
 "MMM"   1.12077677   0.96013932   1.09171752   1.08440070   1.09171752   108.12930637   111.65221523   107.18733878   111.65221523   61.43364279   180.00000000   298.56635721   -115.50591043   15.0000
 "MMM"   1.42077677   0.96013932   1.09182859   1.08453805   1.09136647   108.12930637   111.51355585   107.26827638   111.74181636   71.43364279   190.00000000   308.56635721   -115.61207530   160.0000
 "MMM"   1.42077677   0.96013932   1.09177784   1.08470791   1.09112562   108.12930637   111.41783537   107.36816520   111.77546283   76.43364279   195.00000000   313.56635721   -115.61194819   161.0000
 "MMM"   1.42077677   0.96013932   1.09165260   1.08494229   1.09085784   108.12930637   111.30056567   107.50559444   111.80458451   81.43364279   200.00000000   318.56635721   -115.61178118   162.0000
 "MMM"   1.42077677   0.96013932   1.09145339   1.08523767   1.09057691   108.12930637   111.15944716   107.67811282   111.83057384   86.43364279   205.00000000   323.56635721   -115.61158455   163.0000
 "MMM"   1.42077677   0.96013932   1.09118324   1.08558949   1.09029699   108.12930637   110.99300980   107.88253683   111.85417336   91.43364279   210.00000000   328.56635721   -115.61137051   164.0000
 "MMM"   1.42077677   0.96013932   1.09084746   1.08599204   1.09003196   108.12930637   110.80080395   108.11495837   111.87554386   96.43364279   215.00000000   333.56635721   -115.61115248   165.0000
 "MMM"   1.42077677   0.96013932   1.09045335   1.08643848   1.08979488   108.12930637   110.58352322   108.37078266   111.89438949   101.43364279   220.00000000   338.56635721   -115.61094422   166.0000
 "MMM"   1.42077677   0.96013932   1.09000987   1.08692086   1.08959734   108.12930637   110.34304914   108.64480625   111.91012121   106.43364279   225.00000000   343.56635721   -115.61075889   167.0000
 "MMM"   1.42077677   0.96013932   1.08952720   1.08743018   1.08944896   108.12930637   110.08241502   108.93134064   111.92203574   111.43364279   230.00000000   348.56635721   -115.61060814   168.0000
 "MMM"   1.42077677   0.96013932   1.08901640   1.08795646   1.08935695   108.12930637   109.80569410   109.22438230   111.92948639   116.43364279   235.00000000   353.56635721   -115.61050124   169.0000
 "MMM"   1.82077677   0.96013932   1.09171752   1.08440070   1.09171752   108.12930637   111.65221523   107.18733878   111.65221523   61.43364279   180.00000000   298.56635721   -115.56097019   16.0000
 "MMM"   1.42077677   0.96013932   1.08848897   1.08848897   1.08932577   108.12930637   109.51782365   109.51782365   111.93202346   121.43364279   240.00000000   358.56635721   -115.61044435   170.0000
 "MMM"   1.92077677   0.96013932   1.09171752   1.08440070   1.09171752   108.12930637   111.65221523   107.18733878   111.65221523   61.43364279   180.00000000   298.56635721   -115.54367931   17.0000
 "MMM"   2.02077677   0.96013932   1.09171752   1.08440070   1.09171752   108.12930637   111.65221523   107.18733878   111.65221523   61.43364279   180.00000000   298.56635721   -115.52728222   18.0000
 "MMM"   2.12077677   0.96013932   1.09171752   1.08440070   1.09171752   108.12930637   111.65221523   107.18733878   111.65221523   61.43364279   180.00000000   298.56635721   -115.51229864   19.0000
 "MMM"   1.42077677   0.96013932   1.09171752   1.08440070   1.09171752   108.12930637   111.65221523   107.18733878   111.65221523   61.43364279   180.00000000   298.56635721   -115.61218182   1.0000
 "MMM"   1.42077677   0.93513932   1.09171752   1.08440070   1.09171752   108.12930637   111.65221523   107.18733878   111.65221523   61.43364279   180.00000000   298.56635721   -115.61166474   20.0000
 "MMM"   1.42077677   0.98513932   1.09171752   1.08440070   1.09171752   108.12930637   111.65221523   107.18733878   111.65221523   61.43364279   180.00000000   298.56635721   -115.61151617   21.0000
 "MMM"   1.42077677   1.01013932   1.09171752   1.08440070   1.09171752   108.12930637   111.65221523   107.18733878   111.65221523   61.43364279   180.00000000   298.56635721   -115.60986115   22.0000
 "MMM"   1.42077677   0.91013932   1.09171752   1.08440070   1.09171752   108.12930637   111.65221523   107.18733878   111.65221523   61.43364279   180.00000000   298.56635721   -115.60973916   23.0000
 "MMM"   1.42077677   0.86013932   1.09171752   1.08440070   1.09171752   108.12930637   111.65221523   107.18733878   111.65221523   61.43364279   180.00000000   298.56635721   -115.60056099   24.0000
 "MMM"   1.42077677   1.06013932   1.09171752   1.08440070   1.09171752   108.12930637   111.65221523   107.18733878   111.65221523   61.43364279   180.00000000   298.56635721   -115.60422257   25.0000
 "MMM"   1.42077677   1.08513932   1.09171752   1.08440070   1.09171752   108.12930637   111.65221523   107.18733878   111.65221523   61.43364279   180.00000000   298.56635721   -115.60050355   26.0000
 "MMM"   1.42077677   0.83513932   1.09171752   1.08440070   1.09171752   108.12930637   111.65221523   107.18733878   111.65221523   61.43364279   180.00000000   298.56635721   -115.59263623   27.0000
 "MMM"   1.42077677   1.11013932   1.09171752   1.08440070   1.09171752   108.12930637   111.65221523   107.18733878   111.65221523   61.43364279   180.00000000   298.56635721   -115.59633057   28.0000
 "MMM"   1.42077677   0.81013932   1.09171752   1.08440070   1.09171752   108.12930637   111.65221523   107.18733878   111.65221523   61.43364279   180.00000000   298.56635721   -115.58194013   29.0000
 "MMM"   1.39577677   0.96013932   1.09171752   1.08440070   1.09171752   108.12930637   111.65221523   107.18733878   111.65221523   61.43364279   180.00000000   298.56635721   -115.61179571   2.0000
 "MMM"   1.42077677   1.16013932   1.09171752   1.08440070   1.09171752   108.12930637   111.65221523   107.18733878   111.65221523   61.43364279   180.00000000   298.56635721   -115.58697200   30.0000
 "MMM"   1.42077677   0.76013932   1.09171752   1.08440070   1.09171752   108.12930637   111.65221523   107.18733878   111.65221523   61.43364279   180.00000000   298.56635721   -115.55013314   31.0000
 "MMM"   1.42077677   1.26013932   1.09171752   1.08440070   1.09171752   108.12930637   111.65221523   107.18733878   111.65221523   61.43364279   180.00000000   298.56635721   -115.56603782   32.0000
 "MMM"   1.42077677   0.66013932   1.09171752   1.08440070   1.09171752   108.12930637   111.65221523   107.18733878   111.65221523   61.43364279   180.00000000   298.56635721   -115.42394306   33.0000
 "MMM"   1.42077677   1.36013932   1.09171752   1.08440070   1.09171752   108.12930637   111.65221523   107.18733878   111.65221523   61.43364279   180.00000000   298.56635721   -115.54450542   34.0000
 "MMM"   1.42077677   1.46013932   1.09171752   1.08440070   1.09171752   108.12930637   111.65221523   107.18733878   111.65221523   61.43364279   180.00000000   298.56635721   -115.52406806   35.0000
 "MMM"   1.42077677   1.56013932   1.09171752   1.08440070   1.09171752   108.12930637   111.65221523   107.18733878   111.65221523   61.43364279   180.00000000   298.56635721   -115.50562920   36.0000
 "MMM"   1.42077677   1.66013932   1.09171752   1.08440070   1.09171752   108.12930637   111.65221523   107.18733878   111.65221523   61.43364279   180.00000000   298.56635721   -115.48962618   37.0000
 "MMM"   1.42077677   0.96013932   1.06671752   1.08440070   1.09171752   108.12930637   111.65221523   107.18733878   111.65221523   61.43364279   180.00000000   298.56635721   -115.61176170   38.0000
 "MMM"   1.42077677   0.96013932   1.11671752   1.08440070   1.09171752   108.12930637   111.65221523   107.18733878   111.65221523   61.43364279   180.00000000   298.56635721   -115.61185792   39.0000
 "MMM"   1.44577677   0.96013932   1.09171752   1.08440070   1.09171752   108.12930637   111.65221523   107.18733878   111.65221523   61.43364279   180.00000000   298.56635721   -115.61177612   3.0000
 "MMM"   1.42077677   0.96013932   1.14171752   1.08440070   1.09171752   108.12930637   111.65221523   107.18733878   111.65221523   61.43364279   180.00000000   298.56635721   -115.61089244   40.0000
 "MMM"   1.42077677   0.96013932   1.04171752   1.08440070   1.09171752   108.12930637   111.65221523   107.18733878   111.65221523   61.43364279   180.00000000   298.56635721   -115.61048096   41.0000
 "MMM"   1.42077677   0.96013932   0.99171752   1.08440070   1.09171752   108.12930637   111.65221523   107.18733878   111.65221523   61.43364279   180.00000000   298.56635721   -115.60478725   42.0000
 "MMM"   1.42077677   0.96013932   1.19171752   1.08440070   1.09171752   108.12930637   111.65221523   107.18733878   111.65221523   61.43364279   180.00000000   298.56635721   -115.60738598   43.0000
 "MMM"   1.42077677   0.96013932   1.21671752   1.08440070   1.09171752   108.12930637   111.65221523   107.18733878   111.65221523   61.43364279   180.00000000   298.56635721   -115.60499387   44.0000
 "MMM"   1.42077677   0.96013932   0.96671752   1.08440070   1.09171752   108.12930637   111.65221523   107.18733878   111.65221523   61.43364279   180.00000000   298.56635721   -115.60004951   45.0000
 "MMM"   1.42077677   0.96013932   1.24171752   1.08440070   1.09171752   108.12930637   111.65221523   107.18733878   111.65221523   61.43364279   180.00000000   298.56635721   -115.60226044   46.0000
 "MMM"   1.42077677   0.96013932   0.94171752   1.08440070   1.09171752   108.12930637   111.65221523   107.18733878   111.65221523   61.43364279   180.00000000   298.56635721   -115.59379541   47.0000
 "MMM"   1.42077677   0.96013932   1.29171752   1.08440070   1.09171752   108.12930637   111.65221523   107.18733878   111.65221523   61.43364279   180.00000000   298.56635721   -115.59597945   48.0000
 "MMM"   1.42077677   0.96013932   0.89171752   1.08440070   1.09171752   108.12930637   111.65221523   107.18733878   111.65221523   61.43364279   180.00000000   298.56635721   -115.57579735   49.0000
 "MMM"   1.47077677   0.96013932   1.09171752   1.08440070   1.09171752   108.12930637   111.65221523   107.18733878   111.65221523   61.43364279   180.00000000   298.56635721   -115.61068510   4.0000
 "MMM"   1.42077677   0.96013932   1.39171752   1.08440070   1.09171752   108.12930637   111.65221523   107.18733878   111.65221523   61.43364279   180.00000000   298.56635721   -115.58131008   50.0000
 "MMM"   1.42077677   0.96013932   0.79171752   1.08440070   1.09171752   108.12930637   111.65221523   107.18733878   111.65221523   61.43364279   180.00000000   298.56635721   -115.50905731   51.0000
 "MMM"   1.42077677   0.96013932   1.49171752   1.08440070   1.09171752   108.12930637   111.65221523   107.18733878   111.65221523   61.43364279   180.00000000   298.56635721   -115.56539333   52.0000
 "MMM"   1.42077677   0.96013932   1.59171752   1.08440070   1.09171752   108.12930637   111.65221523   107.18733878   111.65221523   61.43364279   180.00000000   298.56635721   -115.54943572   53.0000
 "MMM"   1.42077677   0.96013932   1.69171752   1.08440070   1.09171752   108.12930637   111.65221523   107.18733878   111.65221523   61.43364279   180.00000000   298.56635721   -115.53414757   54.0000
 "MMM"   1.42077677   0.96013932   1.79171752   1.08440070   1.09171752   108.12930637   111.65221523   107.18733878   111.65221523   61.43364279   180.00000000   298.56635721   -115.51993366   55.0000
 "MMM"   1.42077677   0.96013932   1.09171752   1.05940070   1.09171752   108.12930637   111.65221523   107.18733878   111.65221523   61.43364279   180.00000000   298.56635721   -115.61168067   56.0000
 "MMM"   1.42077677   0.96013932   1.09171752   1.10940070   1.09171752   108.12930637   111.65221523   107.18733878   111.65221523   61.43364279   180.00000000   298.56635721   -115.61189636   57.0000
 "MMM"   1.42077677   0.96013932   1.09171752   1.13440070   1.09171752   108.12930637   111.65221523   107.18733878   111.65221523   61.43364279   180.00000000   298.56635721   -115.61093082   58.0000
 "MMM"   1.42077677   0.96013932   1.09171752   1.03440070   1.09171752   108.12930637   111.65221523   107.18733878   111.65221523   61.43364279   180.00000000   298.56635721   -115.61027165   59.0000
 "MMM"   1.37077677   0.96013932   1.09171752   1.08440070   1.09171752   108.12930637   111.65221523   107.18733878   111.65221523   61.43364279   180.00000000   298.56635721   -115.61049729   5.0000
 "MMM"   1.42077677   0.96013932   1.09171752   0.98440070   1.09171752   108.12930637   111.65221523   107.18733878   111.65221523   61.43364279   180.00000000   298.56635721   -115.60415795   60.0000
 "MMM"   1.42077677   0.96013932   1.09171752   1.18440070   1.09171752   108.12930637   111.65221523   107.18733878   111.65221523   61.43364279   180.00000000   298.56635721   -115.60732296   61.0000
 "MMM"   1.42077677   0.96013932   1.09171752   1.20940070   1.09171752   108.12930637   111.65221523   107.18733878   111.65221523   61.43364279   180.00000000   298.56635721   -115.60483570   62.0000
 "MMM"   1.42077677   0.96013932   1.09171752   0.95940070   1.09171752   108.12930637   111.65221523   107.18733878   111.65221523   61.43364279   180.00000000   298.56635721   -115.59911558   63.0000
 "MMM"   1.42077677   0.96013932   1.09171752   1.23440070   1.09171752   108.12930637   111.65221523   107.18733878   111.65221523   61.43364279   180.00000000   298.56635721   -115.60198112   64.0000
 "MMM"   1.42077677   0.96013932   1.09171752   0.93440070   1.09171752   108.12930637   111.65221523   107.18733878   111.65221523   61.43364279   180.00000000   298.56635721   -115.59248355   65.0000
 "MMM"   1.42077677   0.96013932   1.09171752   1.28440070   1.09171752   108.12930637   111.65221523   107.18733878   111.65221523   61.43364279   180.00000000   298.56635721   -115.59538931   66.0000
 "MMM"   1.42077677   0.96013932   1.09171752   0.88440070   1.09171752   108.12930637   111.65221523   107.18733878   111.65221523   61.43364279   180.00000000   298.56635721   -115.57347169   67.0000
 "MMM"   1.42077677   0.96013932   1.09171752   1.38440070   1.09171752   108.12930637   111.65221523   107.18733878   111.65221523   61.43364279   180.00000000   298.56635721   -115.57988107   68.0000
 "MMM"   1.42077677   0.96013932   1.09171752   0.78440070   1.09171752   108.12930637   111.65221523   107.18733878   111.65221523   61.43364279   180.00000000   298.56635721   -115.50330816   69.0000
 "MMM"   1.32077677   0.96013932   1.09171752   1.08440070   1.09171752   108.12930637   111.65221523   107.18733878   111.65221523   61.43364279   180.00000000   298.56635721   -115.60459960   6.0000
 "MMM"   1.42077677   0.96013932   1.09171752   1.48440070   1.09171752   108.12930637   111.65221523   107.18733878   111.65221523   61.43364279   180.00000000   298.56635721   -115.56292660   70.0000
 "MMM"   1.42077677   0.96013932   1.09171752   1.58440070   1.09171752   108.12930637   111.65221523   107.18733878   111.65221523   61.43364279   180.00000000   298.56635721   -115.54582392   71.0000
 "MMM"   1.42077677   0.96013932   1.09171752   1.68440070   1.09171752   108.12930637   111.65221523   107.18733878   111.65221523   61.43364279   180.00000000   298.56635721   -115.52936152   72.0000
 "MMM"   1.42077677   0.96013932   1.09171752   1.78440070   1.09171752   108.12930637   111.65221523   107.18733878   111.65221523   61.43364279   180.00000000   298.56635721   -115.51401131   73.0000
 "MMM"   1.42077677   0.96013932   1.09171752   1.08440070   1.09171752   109.12930637   111.65221523   107.18733878   111.65221523   61.43364279   180.00000000   298.56635721   -115.61215328   74.0000
 "MMM"   1.42077677   0.96013932   1.09171752   1.08440070   1.09171752   107.12930637   111.65221523   107.18733878   111.65221523   61.43364279   180.00000000   298.56635721   -115.61215525   75.0000
 "MMM"   1.42077677   0.96013932   1.09171752   1.08440070   1.09171752   110.62930637   111.65221523   107.18733878   111.65221523   61.43364279   180.00000000   298.56635721   -115.61200956   76.0000
 "MMM"   1.42077677   0.96013932   1.09171752   1.08440070   1.09171752   105.62930637   111.65221523   107.18733878   111.65221523   61.43364279   180.00000000   298.56635721   -115.61200973   77.0000
 "MMM"   1.42077677   0.96013932   1.09171752   1.08440070   1.09171752   113.12930637   111.65221523   107.18733878   111.65221523   61.43364279   180.00000000   298.56635721   -115.61151025   78.0000
 "MMM"   1.42077677   0.96013932   1.09171752   1.08440070   1.09171752   103.12930637   111.65221523   107.18733878   111.65221523   61.43364279   180.00000000   298.56635721   -115.61147655   79.0000
 "MMM"   1.52077677   0.96013932   1.09171752   1.08440070   1.09171752   108.12930637   111.65221523   107.18733878   111.65221523   61.43364279   180.00000000   298.56635721   -115.60681284   7.0000
 "MMM"   1.42077677   0.96013932   1.09171752   1.08440070   1.09171752   115.62930637   111.65221523   107.18733878   111.65221523   61.43364279   180.00000000   298.56635721   -115.61070173   80.0000
 "MMM"   1.42077677   0.96013932   1.09171752   1.08440070   1.09171752   100.62930637   111.65221523   107.18733878   111.65221523   61.43364279   180.00000000   298.56635721   -115.61056597   81.0000
 "MMM"   1.42077677   0.96013932   1.09171752   1.08440070   1.09171752   118.12930637   111.65221523   107.18733878   111.65221523   61.43364279   180.00000000   298.56635721   -115.60960247   82.0000
 "MMM"   1.42077677   0.96013932   1.09171752   1.08440070   1.09171752   98.12930637   111.65221523   107.18733878   111.65221523   61.43364279   180.00000000   298.56635721   -115.60926216   83.0000
 "MMM"   1.42077677   0.96013932   1.09171752   1.08440070   1.09171752   128.12930637   111.65221523   107.18733878   111.65221523   61.43364279   180.00000000   298.56635721   -115.60269263   84.0000
 "MMM"   1.42077677   0.96013932   1.09171752   1.08440070   1.09171752   88.12930637   111.65221523   107.18733878   111.65221523   61.43364279   180.00000000   298.56635721   -115.59981160   85.0000
 "MMM"   1.42077677   0.96013932   1.09171752   1.08440070   1.09171752   138.12930637   111.65221523   107.18733878   111.65221523   61.43364279   180.00000000   298.56635721   -115.59281339   86.0000
 "MMM"   1.42077677   0.96013932   1.09171752   1.08440070   1.09171752   78.12930637   111.65221523   107.18733878   111.65221523   61.43364279   180.00000000   298.56635721   -115.58289228   87.0000
 "MMM"   1.42077677   0.96013932   1.09171752   1.08440070   1.09171752   158.12930637   111.65221523   107.18733878   111.65221523   61.43364279   180.00000000   298.56635721   -115.57084789   88.0000
 "MMM"   1.42077677   0.96013932   1.09171752   1.08440070   1.09171752   58.12930637   111.65221523   107.18733878   111.65221523   61.43364279   180.00000000   298.56635721   -115.52186443   89.0000
 "MMM"   1.54577677   0.96013932   1.09171752   1.08440070   1.09171752   108.12930637   111.65221523   107.18733878   111.65221523   61.43364279   180.00000000   298.56635721   -115.60418862   8.0000
 "MMM"   1.42077677   0.96013932   1.09171752   1.08440070   1.09171752   168.12930637   111.65221523   107.18733878   111.65221523   61.43364279   180.00000000   298.56635721   -115.56261027   90.0000
 "MMM"   1.42077677   0.96013932   1.09171752   1.08440070   1.09171752   108.12930637   112.65221523   107.18733878   111.65221523   61.43364279   180.00000000   298.56635721   -115.61215796   91.0000
 "MMM"   1.42077677   0.96013932   1.09171752   1.08440070   1.09171752   108.12930637   110.65221523   107.18733878   111.65221523   61.43364279   180.00000000   298.56635721   -115.61212706   92.0000
 "MMM"   1.42077677   0.96013932   1.09171752   1.08440070   1.09171752   108.12930637   114.15221523   107.18733878   111.65221523   61.43364279   180.00000000   298.56635721   -115.61197590   93.0000
 "MMM"   1.42077677   0.96013932   1.09171752   1.08440070   1.09171752   108.12930637   109.15221523   107.18733878   111.65221523   61.43364279   180.00000000   298.56635721   -115.61189633   94.0000
 "MMM"   1.42077677   0.96013932   1.09171752   1.08440070   1.09171752   108.12930637   116.65221523   107.18733878   111.65221523   61.43364279   180.00000000   298.56635721   -115.61128637   95.0000
 "MMM"   1.42077677   0.96013932   1.09171752   1.08440070   1.09171752   108.12930637   106.65221523   107.18733878   111.65221523   61.43364279   180.00000000   298.56635721   -115.61111084   96.0000
 "MMM"   1.42077677   0.96013932   1.09171752   1.08440070   1.09171752   108.12930637   119.15221523   107.18733878   111.65221523   61.43364279   180.00000000   298.56635721   -115.61012024   97.0000
 "MMM"   1.42077677   0.96013932   1.09171752   1.08440070   1.09171752   108.12930637   104.15221523   107.18733878   111.65221523   61.43364279   180.00000000   298.56635721   -115.60981593   98.0000
 "MMM"   1.42077677   0.96013932   1.09171752   1.08440070   1.09171752   108.12930637   121.65221523   107.18733878   111.65221523   61.43364279   180.00000000   298.56635721   -115.60848379   99.0000
 "MMM"   1.29577677   0.96013932   1.09171752   1.08440070   1.09171752   108.12930637   111.65221523   107.18733878   111.65221523   61.43364279   180.00000000   298.56635721   -115.59967041   9.0000
