 "MMM"   1.42077677   0.96013932   1.09171752   1.08440070   1.09171752   108.12930637   111.65221523   108.18733878   111.65221523   61.43364279   180.00000000   298.56635721   -115.61210713   108.0000
 "MMM"   1.42077677   0.96013932   1.09171752   1.08440070   1.09171752   108.12930637   111.65221523   106.18733878   111.65221523   61.43364279   180.00000000   298.56635721   -115.61217831   109.0000
 "MMM"   1.57077677   0.96013932   1.09171752   1.08440070   1.09171752   108.12930637   111.65221523   107.18733878   111.65221523   61.43364279   180.00000000   298.56635721   -115.60119554   10.0000
 "MMM"   1.42077677   0.96013932   1.09171752   1.08440070   1.09171752   108.12930637   111.65221523   109.68733878   111.65221523   61.43364279   180.00000000   298.56635721   -115.61184985   110.0000
 "MMM"   1.42077677   0.96013932   1.09171752   1.08440070   1.09171752   108.12930637   111.65221523   104.68733878   111.65221523   61.43364279   180.00000000   298.56635721   -115.61202495   111.0000
 "MMM"   1.42077677   0.96013932   1.09171752   1.08440070   1.09171752   108.12930637   111.65221523   112.18733878   111.65221523   61.43364279   180.00000000   298.56635721   -115.61103873   112.0000
 "MMM"   1.42077677   0.96013932   1.09171752   1.08440070   1.09171752   108.12930637   111.65221523   102.18733878   111.65221523   61.43364279   180.00000000   298.56635721   -115.61136843   113.0000
 "MMM"   1.42077677   0.96013932   1.09171752   1.08440070   1.09171752   108.12930637   111.65221523   114.68733878   111.65221523   61.43364279   180.00000000   298.56635721   -115.60975707   114.0000
 "MMM"   1.42077677   0.96013932   1.09171752   1.08440070   1.09171752   108.12930637   111.65221523   99.68733878   111.65221523   61.43364279   180.00000000   298.56635721   -115.61020019   115.0000
 "MMM"   1.42077677   0.96013932   1.09171752   1.08440070   1.09171752   108.12930637   111.65221523   117.18733878   111.65221523   61.43364279   180.00000000   298.56635721   -115.60801251   116.0000
 "MMM"   1.42077677   0.96013932   1.09171752   1.08440070   1.09171752   108.12930637   111.65221523   97.18733878   111.65221523   61.43364279   180.00000000   298.56635721   -115.60850690   117.0000
 "MMM"   1.42077677   0.96013932   1.09171752   1.08440070   1.09171752   108.12930637   111.65221523   127.18733878   111.65221523   61.43364279   180.00000000   298.56635721   -115.59653156   118.0000
 "MMM"   1.42077677   0.96013932   1.09171752   1.08440070   1.09171752   108.12930637   111.65221523   87.18733878   111.65221523   61.43364279   180.00000000   298.56635721   -115.59617098   119.0000
 "MMM"   1.27077677   0.96013932   1.09171752   1.08440070   1.09171752   108.12930637   111.65221523   107.18733878   111.65221523   61.43364279   180.00000000   298.56635721   -115.59316363   11.0000
 "MMM"   1.42077677   0.96013932   1.09171752   1.08440070   1.09171752   108.12930637   111.65221523   137.18733878   111.65221523   61.43364279   180.00000000   298.56635721   -115.57809104   120.0000
 "MMM"   1.42077677   0.96013932   1.09171752   1.08440070   1.09171752   108.12930637   111.65221523   77.18733878   111.65221523   61.43364279   180.00000000   298.56635721   -115.57406303   121.0000
 "MMM"   1.42077677   0.96013932   1.09171752   1.08440070   1.09171752   108.12930637   111.65221523   157.18733878   111.65221523   61.43364279   180.00000000   298.56635721   -115.52178484   122.0000
 "MMM"   1.42077677   0.96013932   1.09171752   1.08440070   1.09171752   108.12930637   111.65221523   57.18733878   111.65221523   61.43364279   180.00000000   298.56635721   -115.49673207   123.0000
 "MMM"   1.42077677   0.96013932   1.09171752   1.08440070   1.09171752   108.12930637   111.65221523   167.18733878   111.65221523   61.43364279   180.00000000   298.56635721   -115.48545606   124.0000
 "MMM"   1.62077677   0.96013932   1.09171752   1.08440070   1.09171752   108.12930637   111.65221523   107.18733878   111.65221523   61.43364279   180.00000000   298.56635721   -115.59432754   12.0000
 "MMM"   1.22077677   0.96013932   1.09171752   1.08440070   1.09171752   108.12930637   111.65221523   107.18733878   111.65221523   61.43364279   180.00000000   298.56635721   -115.57448284   13.0000
 "MMM"   1.72077677   0.96013932   1.09171752   1.08440070   1.09171752   108.12930637   111.65221523   107.18733878   111.65221523   61.43364279   180.00000000   298.56635721   -115.57830918   14.0000
 "MMM"   1.12077677   0.96013932   1.09171752   1.08440070   1.09171752   108.12930637   111.65221523   107.18733878   111.65221523   61.43364279   180.00000000   298.56635721   -115.50591043   15.0000
 "MMM"   1.82077677   0.96013932   1.09171752   1.08440070   1.09171752   108.12930637   111.65221523   107.18733878   111.65221523   61.43364279   180.00000000   298.56635721   -115.56097019   16.0000
 "MMM"   1.92077677   0.96013932   1.09171752   1.08440070   1.09171752   108.12930637   111.65221523   107.18733878   111.65221523   61.43364279   180.00000000   298.56635721   -115.54367931   17.0000
 "MMM"   2.02077677   0.96013932   1.09171752   1.08440070   1.09171752   108.12930637   111.65221523   107.18733878   111.65221523   61.43364279   180.00000000   298.56635721   -115.52728222   18.0000
 "MMM"   2.12077677   0.96013932   1.09171752   1.08440070   1.09171752   108.12930637   111.65221523   107.18733878   111.65221523   61.43364279   180.00000000   298.56635721   -115.51229864   19.0000
 "MMM"   1.42077677   0.96013932   1.09171752   1.08440070   1.09171752   108.12930637   111.65221523   107.18733878   111.65221523   61.43364279   180.00000000   298.56635721   -115.61218182   1.0000
 "MMM"   1.42077677   0.93513932   1.09171752   1.08440070   1.09171752   108.12930637   111.65221523   107.18733878   111.65221523   61.43364279   180.00000000   298.56635721   -115.61166474   20.0000
 "MMM"   1.42077677   0.98513932   1.09171752   1.08440070   1.09171752   108.12930637   111.65221523   107.18733878   111.65221523   61.43364279   180.00000000   298.56635721   -115.61151617   21.0000
 "MMM"   1.42077677   1.01013932   1.09171752   1.08440070   1.09171752   108.12930637   111.65221523   107.18733878   111.65221523   61.43364279   180.00000000   298.56635721   -115.60986115   22.0000
 "MMM"   1.42077677   0.91013932   1.09171752   1.08440070   1.09171752   108.12930637   111.65221523   107.18733878   111.65221523   61.43364279   180.00000000   298.56635721   -115.60973916   23.0000
 "MMM"   1.42077677   0.86013932   1.09171752   1.08440070   1.09171752   108.12930637   111.65221523   107.18733878   111.65221523   61.43364279   180.00000000   298.56635721   -115.60056099   24.0000
 "MMM"   1.42077677   1.06013932   1.09171752   1.08440070   1.09171752   108.12930637   111.65221523   107.18733878   111.65221523   61.43364279   180.00000000   298.56635721   -115.60422257   25.0000
 "MMM"   1.42077677   1.08513932   1.09171752   1.08440070   1.09171752   108.12930637   111.65221523   107.18733878   111.65221523   61.43364279   180.00000000   298.56635721   -115.60050355   26.0000
 "MMM"   1.42077677   0.83513932   1.09171752   1.08440070   1.09171752   108.12930637   111.65221523   107.18733878   111.65221523   61.43364279   180.00000000   298.56635721   -115.59263623   27.0000
 "MMM"   1.42077677   1.11013932   1.09171752   1.08440070   1.09171752   108.12930637   111.65221523   107.18733878   111.65221523   61.43364279   180.00000000   298.56635721   -115.59633057   28.0000
 "MMM"   1.42077677   0.81013932   1.09171752   1.08440070   1.09171752   108.12930637   111.65221523   107.18733878   111.65221523   61.43364279   180.00000000   298.56635721   -115.58194013   29.0000
 "MMM"   1.39577677   0.96013932   1.09171752   1.08440070   1.09171752   108.12930637   111.65221523   107.18733878   111.65221523   61.43364279   180.00000000   298.56635721   -115.61179571   2.0000
 "MMM"   1.42077677   1.16013932   1.09171752   1.08440070   1.09171752   108.12930637   111.65221523   107.18733878   111.65221523   61.43364279   180.00000000   298.56635721   -115.58697200   30.0000
 "MMM"   1.42077677   0.76013932   1.09171752   1.08440070   1.09171752   108.12930637   111.65221523   107.18733878   111.65221523   61.43364279   180.00000000   298.56635721   -115.55013314   31.0000
 "MMM"   1.42077677   1.26013932   1.09171752   1.08440070   1.09171752   108.12930637   111.65221523   107.18733878   111.65221523   61.43364279   180.00000000   298.56635721   -115.56603782   32.0000
 "MMM"   1.42077677   0.66013932   1.09171752   1.08440070   1.09171752   108.12930637   111.65221523   107.18733878   111.65221523   61.43364279   180.00000000   298.56635721   -115.42394306   33.0000
 "MMM"   1.42077677   1.36013932   1.09171752   1.08440070   1.09171752   108.12930637   111.65221523   107.18733878   111.65221523   61.43364279   180.00000000   298.56635721   -115.54450542   34.0000
 "MMM"   1.42077677   1.46013932   1.09171752   1.08440070   1.09171752   108.12930637   111.65221523   107.18733878   111.65221523   61.43364279   180.00000000   298.56635721   -115.52406806   35.0000
 "MMM"   1.42077677   1.56013932   1.09171752   1.08440070   1.09171752   108.12930637   111.65221523   107.18733878   111.65221523   61.43364279   180.00000000   298.56635721   -115.50562920   36.0000
 "MMM"   1.42077677   1.66013932   1.09171752   1.08440070   1.09171752   108.12930637   111.65221523   107.18733878   111.65221523   61.43364279   180.00000000   298.56635721   -115.48962618   37.0000
 "MMM"   1.44577677   0.96013932   1.09171752   1.08440070   1.09171752   108.12930637   111.65221523   107.18733878   111.65221523   61.43364279   180.00000000   298.56635721   -115.61177612   3.0000
 "MMM"   1.47077677   0.96013932   1.09171752   1.08440070   1.09171752   108.12930637   111.65221523   107.18733878   111.65221523   61.43364279   180.00000000   298.56635721   -115.61068510   4.0000
 "MMM"   1.42077677   0.96013932   1.09171752   1.05940070   1.09171752   108.12930637   111.65221523   107.18733878   111.65221523   61.43364279   180.00000000   298.56635721   -115.61168067   56.0000
 "MMM"   1.42077677   0.96013932   1.09171752   1.10940070   1.09171752   108.12930637   111.65221523   107.18733878   111.65221523   61.43364279   180.00000000   298.56635721   -115.61189636   57.0000
 "MMM"   1.42077677   0.96013932   1.09171752   1.13440070   1.09171752   108.12930637   111.65221523   107.18733878   111.65221523   61.43364279   180.00000000   298.56635721   -115.61093082   58.0000
 "MMM"   1.42077677   0.96013932   1.09171752   1.03440070   1.09171752   108.12930637   111.65221523   107.18733878   111.65221523   61.43364279   180.00000000   298.56635721   -115.61027165   59.0000
 "MMM"   1.37077677   0.96013932   1.09171752   1.08440070   1.09171752   108.12930637   111.65221523   107.18733878   111.65221523   61.43364279   180.00000000   298.56635721   -115.61049729   5.0000
 "MMM"   1.42077677   0.96013932   1.09171752   0.98440070   1.09171752   108.12930637   111.65221523   107.18733878   111.65221523   61.43364279   180.00000000   298.56635721   -115.60415795   60.0000
 "MMM"   1.42077677   0.96013932   1.09171752   1.18440070   1.09171752   108.12930637   111.65221523   107.18733878   111.65221523   61.43364279   180.00000000   298.56635721   -115.60732296   61.0000
 "MMM"   1.42077677   0.96013932   1.09171752   1.20940070   1.09171752   108.12930637   111.65221523   107.18733878   111.65221523   61.43364279   180.00000000   298.56635721   -115.60483570   62.0000
 "MMM"   1.42077677   0.96013932   1.09171752   0.95940070   1.09171752   108.12930637   111.65221523   107.18733878   111.65221523   61.43364279   180.00000000   298.56635721   -115.59911558   63.0000
 "MMM"   1.42077677   0.96013932   1.09171752   1.23440070   1.09171752   108.12930637   111.65221523   107.18733878   111.65221523   61.43364279   180.00000000   298.56635721   -115.60198112   64.0000
 "MMM"   1.42077677   0.96013932   1.09171752   0.93440070   1.09171752   108.12930637   111.65221523   107.18733878   111.65221523   61.43364279   180.00000000   298.56635721   -115.59248355   65.0000
 "MMM"   1.42077677   0.96013932   1.09171752   1.28440070   1.09171752   108.12930637   111.65221523   107.18733878   111.65221523   61.43364279   180.00000000   298.56635721   -115.59538931   66.0000
 "MMM"   1.42077677   0.96013932   1.09171752   0.88440070   1.09171752   108.12930637   111.65221523   107.18733878   111.65221523   61.43364279   180.00000000   298.56635721   -115.57347169   67.0000
 "MMM"   1.42077677   0.96013932   1.09171752   1.38440070   1.09171752   108.12930637   111.65221523   107.18733878   111.65221523   61.43364279   180.00000000   298.56635721   -115.57988107   68.0000
 "MMM"   1.42077677   0.96013932   1.09171752   0.78440070   1.09171752   108.12930637   111.65221523   107.18733878   111.65221523   61.43364279   180.00000000   298.56635721   -115.50330816   69.0000
 "MMM"   1.32077677   0.96013932   1.09171752   1.08440070   1.09171752   108.12930637   111.65221523   107.18733878   111.65221523   61.43364279   180.00000000   298.56635721   -115.60459960   6.0000
 "MMM"   1.42077677   0.96013932   1.09171752   1.48440070   1.09171752   108.12930637   111.65221523   107.18733878   111.65221523   61.43364279   180.00000000   298.56635721   -115.56292660   70.0000
 "MMM"   1.42077677   0.96013932   1.09171752   1.58440070   1.09171752   108.12930637   111.65221523   107.18733878   111.65221523   61.43364279   180.00000000   298.56635721   -115.54582392   71.0000
 "MMM"   1.42077677   0.96013932   1.09171752   1.68440070   1.09171752   108.12930637   111.65221523   107.18733878   111.65221523   61.43364279   180.00000000   298.56635721   -115.52936152   72.0000
 "MMM"   1.42077677   0.96013932   1.09171752   1.78440070   1.09171752   108.12930637   111.65221523   107.18733878   111.65221523   61.43364279   180.00000000   298.56635721   -115.51401131   73.0000
 "MMM"   1.42077677   0.96013932   1.09171752   1.08440070   1.09171752   109.12930637   111.65221523   107.18733878   111.65221523   61.43364279   180.00000000   298.56635721   -115.61215328   74.0000
 "MMM"   1.42077677   0.96013932   1.09171752   1.08440070   1.09171752   107.12930637   111.65221523   107.18733878   111.65221523   61.43364279   180.00000000   298.56635721   -115.61215525   75.0000
 "MMM"   1.42077677   0.96013932   1.09171752   1.08440070   1.09171752   110.62930637   111.65221523   107.18733878   111.65221523   61.43364279   180.00000000   298.56635721   -115.61200956   76.0000
 "MMM"   1.42077677   0.96013932   1.09171752   1.08440070   1.09171752   105.62930637   111.65221523   107.18733878   111.65221523   61.43364279   180.00000000   298.56635721   -115.61200973   77.0000
 "MMM"   1.42077677   0.96013932   1.09171752   1.08440070   1.09171752   113.12930637   111.65221523   107.18733878   111.65221523   61.43364279   180.00000000   298.56635721   -115.61151025   78.0000
 "MMM"   1.42077677   0.96013932   1.09171752   1.08440070   1.09171752   103.12930637   111.65221523   107.18733878   111.65221523   61.43364279   180.00000000   298.56635721   -115.61147655   79.0000
 "MMM"   1.52077677   0.96013932   1.09171752   1.08440070   1.09171752   108.12930637   111.65221523   107.18733878   111.65221523   61.43364279   180.00000000   298.56635721   -115.60681284   7.0000
 "MMM"   1.42077677   0.96013932   1.09171752   1.08440070   1.09171752   115.62930637   111.65221523   107.18733878   111.65221523   61.43364279   180.00000000   298.56635721   -115.61070173   80.0000
 "MMM"   1.42077677   0.96013932   1.09171752   1.08440070   1.09171752   100.62930637   111.65221523   107.18733878   111.65221523   61.43364279   180.00000000   298.56635721   -115.61056597   81.0000
 "MMM"   1.42077677   0.96013932   1.09171752   1.08440070   1.09171752   118.12930637   111.65221523   107.18733878   111.65221523   61.43364279   180.00000000   298.56635721   -115.60960247   82.0000
 "MMM"   1.42077677   0.96013932   1.09171752   1.08440070   1.09171752   98.12930637   111.65221523   107.18733878   111.65221523   61.43364279   180.00000000   298.56635721   -115.60926216   83.0000
 "MMM"   1.42077677   0.96013932   1.09171752   1.08440070   1.09171752   128.12930637   111.65221523   107.18733878   111.65221523   61.43364279   180.00000000   298.56635721   -115.60269263   84.0000
 "MMM"   1.42077677   0.96013932   1.09171752   1.08440070   1.09171752   88.12930637   111.65221523   107.18733878   111.65221523   61.43364279   180.00000000   298.56635721   -115.59981160   85.0000
 "MMM"   1.42077677   0.96013932   1.09171752   1.08440070   1.09171752   138.12930637   111.65221523   107.18733878   111.65221523   61.43364279   180.00000000   298.56635721   -115.59281339   86.0000
 "MMM"   1.42077677   0.96013932   1.09171752   1.08440070   1.09171752   78.12930637   111.65221523   107.18733878   111.65221523   61.43364279   180.00000000   298.56635721   -115.58289228   87.0000
 "MMM"   1.42077677   0.96013932   1.09171752   1.08440070   1.09171752   158.12930637   111.65221523   107.18733878   111.65221523   61.43364279   180.00000000   298.56635721   -115.57084789   88.0000
 "MMM"   1.42077677   0.96013932   1.09171752   1.08440070   1.09171752   58.12930637   111.65221523   107.18733878   111.65221523   61.43364279   180.00000000   298.56635721   -115.52186443   89.0000
 "MMM"   1.54577677   0.96013932   1.09171752   1.08440070   1.09171752   108.12930637   111.65221523   107.18733878   111.65221523   61.43364279   180.00000000   298.56635721   -115.60418862   8.0000
 "MMM"   1.42077677   0.96013932   1.09171752   1.08440070   1.09171752   168.12930637   111.65221523   107.18733878   111.65221523   61.43364279   180.00000000   298.56635721   -115.56261027   90.0000
 "MMM"   1.42077677   0.96013932   1.09171752   1.08440070   1.09171752   168.12930637   111.65221523   107.18733878   111.65221523   61.43364279   180.00000000   298.56635721   -115.56261027   90.0000
 "MMM"   1.29577677   0.96013932   1.09171752   1.08440070   1.09171752   108.12930637   111.65221523   107.18733878   111.65221523   61.43364279   180.00000000   298.56635721   -115.59967041   9.0000
