Your job 415242 ("GenerateMolproScript1D.csh") has been submitted
Your job 415243 ("GenerateMolproScript1D.csh") has been submitted
Your job 415244 ("GenerateMolproScript1D.csh") has been submitted
Your job 415245 ("GenerateMolproScript1D.csh") has been submitted
Your job 415246 ("GenerateMolproScript1D.csh") has been submitted
Your job 415247 ("GenerateMolproScript1D.csh") has been submitted
Your job 415248 ("GenerateMolproScript1D.csh") has been submitted
Your job 415249 ("GenerateMolproScript1D.csh") has been submitted
Your job 415250 ("GenerateMolproScript1D.csh") has been submitted
Your job 415251 ("GenerateMolproScript1D.csh") has been submitted
Your job 415252 ("GenerateMolproScript1D.csh") has been submitted
Your job 415253 ("GenerateMolproScript1D.csh") has been submitted
  1.42077677   0.96013932   1.09108970   1.08555104   1.09108970 108.12930637 111.95221297 106.58134561 111.95221297  61.43364279 180.00000000 298.56635721
  1.42077677   0.96013932   1.09171752   1.08440070   1.09171752 108.12930637 111.65221523 107.18733878 111.65221523  66.43364279 185.00000000 303.56635721
  1.42077677   0.96013932   1.09171752   1.08440070   1.09171752 108.12930637 111.65221523 107.18733878 111.65221523  71.43364279 190.00000000 308.56635721
  1.42077677   0.96013932   1.09171752   1.08440070   1.09171752 108.12930637 111.65221523 107.18733878 111.65221523  76.43364279 195.00000000 313.56635721
  1.42077677   0.96013932   1.09171752   1.08440070   1.09171752 108.12930637 111.65221523 107.18733878 111.65221523  81.43364279 200.00000000 318.56635721
  1.42077677   0.96013932   1.09171752   1.08440070   1.09171752 108.12930637 111.65221523 107.18733878 111.65221523  86.43364279 205.00000000 323.56635721
  1.42077677   0.96013932   1.09171752   1.08440070   1.09171752 108.12930637 111.65221523 107.18733878 111.65221523  91.43364279 210.00000000 328.56635721
  1.42077677   0.96013932   1.09171752   1.08440070   1.09171752 108.12930637 111.65221523 107.18733878 111.65221523  96.43364279 215.00000000 333.56635721
  1.42077677   0.96013932   1.09171752   1.08440070   1.09171752 108.12930637 111.65221523 107.18733878 111.65221523 101.43364279 220.00000000 338.56635721
  1.42077677   0.96013932   1.09171752   1.08440070   1.09171752 108.12930637 111.65221523 107.18733878 111.65221523 106.43364279 225.00000000 343.56635721
  1.42077677   0.96013932   1.09171752   1.08440070   1.09171752 108.12930637 111.65221523 107.18733878 111.65221523 111.43364279 230.00000000 348.56635721
  1.42077677   0.96013932   1.09171752   1.08440070   1.09171752 108.12930637 111.65221523 107.18733878 111.65221523 116.43364279 235.00000000 353.56635721
  1.42077677   0.96013932   1.09171752   1.08440070   1.09171752 108.12930637 111.65221523 107.18733878 111.65221523 121.43364279 240.00000000 358.56635721
