  1.42077677   0.96013932   1.09171752   1.08440070   1.09171752 108.12930637 111.65221523 107.18733878 111.65221523  61.43364279 180.00000000 298.56635721
  1.42577677   0.96013932   1.09171752   1.08440070   1.09171752 108.12930637 111.65221523 107.18733878 111.65221523  61.43364279 180.00000000 298.56635721
  1.41577677   0.96013932   1.09171752   1.08440070   1.09171752 108.12930637 111.65221523 107.18733878 111.65221523  61.43364279 180.00000000 298.56635721
  1.43077677   0.96013932   1.09171752   1.08440070   1.09171752 108.12930637 111.65221523 107.18733878 111.65221523  61.43364279 180.00000000 298.56635721
  1.41077677   0.96013932   1.09171752   1.08440070   1.09171752 108.12930637 111.65221523 107.18733878 111.65221523  61.43364279 180.00000000 298.56635721
  1.43577677   0.96013932   1.09171752   1.08440070   1.09171752 108.12930637 111.65221523 107.18733878 111.65221523  61.43364279 180.00000000 298.56635721
  1.40577677   0.96013932   1.09171752   1.08440070   1.09171752 108.12930637 111.65221523 107.18733878 111.65221523  61.43364279 180.00000000 298.56635721
  1.44077677   0.96013932   1.09171752   1.08440070   1.09171752 108.12930637 111.65221523 107.18733878 111.65221523  61.43364279 180.00000000 298.56635721
  1.40077677   0.96013932   1.09171752   1.08440070   1.09171752 108.12930637 111.65221523 107.18733878 111.65221523  61.43364279 180.00000000 298.56635721
  1.44577677   0.96013932   1.09171752   1.08440070   1.09171752 108.12930637 111.65221523 107.18733878 111.65221523  61.43364279 180.00000000 298.56635721
  1.39577677   0.96013932   1.09171752   1.08440070   1.09171752 108.12930637 111.65221523 107.18733878 111.65221523  61.43364279 180.00000000 298.56635721
  1.45077677   0.96013932   1.09171752   1.08440070   1.09171752 108.12930637 111.65221523 107.18733878 111.65221523  61.43364279 180.00000000 298.56635721
  1.39077677   0.96013932   1.09171752   1.08440070   1.09171752 108.12930637 111.65221523 107.18733878 111.65221523  61.43364279 180.00000000 298.56635721
  1.42077677   0.96513932   1.09171752   1.08440070   1.09171752 108.12930637 111.65221523 107.18733878 111.65221523  61.43364279 180.00000000 298.56635721
  1.42077677   0.95513932   1.09171752   1.08440070   1.09171752 108.12930637 111.65221523 107.18733878 111.65221523  61.43364279 180.00000000 298.56635721
  1.42077677   0.97013932   1.09171752   1.08440070   1.09171752 108.12930637 111.65221523 107.18733878 111.65221523  61.43364279 180.00000000 298.56635721
  1.42077677   0.95013932   1.09171752   1.08440070   1.09171752 108.12930637 111.65221523 107.18733878 111.65221523  61.43364279 180.00000000 298.56635721
  1.42077677   0.97513932   1.09171752   1.08440070   1.09171752 108.12930637 111.65221523 107.18733878 111.65221523  61.43364279 180.00000000 298.56635721
  1.42077677   0.94513932   1.09171752   1.08440070   1.09171752 108.12930637 111.65221523 107.18733878 111.65221523  61.43364279 180.00000000 298.56635721
  1.42077677   0.98013932   1.09171752   1.08440070   1.09171752 108.12930637 111.65221523 107.18733878 111.65221523  61.43364279 180.00000000 298.56635721
  1.42077677   0.94013932   1.09171752   1.08440070   1.09171752 108.12930637 111.65221523 107.18733878 111.65221523  61.43364279 180.00000000 298.56635721
  1.42077677   0.98513932   1.09171752   1.08440070   1.09171752 108.12930637 111.65221523 107.18733878 111.65221523  61.43364279 180.00000000 298.56635721
  1.42077677   0.93513932   1.09171752   1.08440070   1.09171752 108.12930637 111.65221523 107.18733878 111.65221523  61.43364279 180.00000000 298.56635721
  1.42077677   0.99013932   1.09171752   1.08440070   1.09171752 108.12930637 111.65221523 107.18733878 111.65221523  61.43364279 180.00000000 298.56635721
  1.42077677   0.93013932   1.09171752   1.08440070   1.09171752 108.12930637 111.65221523 107.18733878 111.65221523  61.43364279 180.00000000 298.56635721
  1.42077677   0.96013932   1.09671752   1.08440070   1.09171752 108.12930637 111.65221523 107.18733878 111.65221523  61.43364279 180.00000000 298.56635721
  1.42077677   0.96013932   1.08671752   1.08440070   1.09171752 108.12930637 111.65221523 107.18733878 111.65221523  61.43364279 180.00000000 298.56635721
  1.42077677   0.96013932   1.10171752   1.08440070   1.09171752 108.12930637 111.65221523 107.18733878 111.65221523  61.43364279 180.00000000 298.56635721
  1.42077677   0.96013932   1.08171752   1.08440070   1.09171752 108.12930637 111.65221523 107.18733878 111.65221523  61.43364279 180.00000000 298.56635721
  1.42077677   0.96013932   1.10671752   1.08440070   1.09171752 108.12930637 111.65221523 107.18733878 111.65221523  61.43364279 180.00000000 298.56635721
  1.42077677   0.96013932   1.07671752   1.08440070   1.09171752 108.12930637 111.65221523 107.18733878 111.65221523  61.43364279 180.00000000 298.56635721
  1.42077677   0.96013932   1.11171752   1.08440070   1.09171752 108.12930637 111.65221523 107.18733878 111.65221523  61.43364279 180.00000000 298.56635721
  1.42077677   0.96013932   1.07171752   1.08440070   1.09171752 108.12930637 111.65221523 107.18733878 111.65221523  61.43364279 180.00000000 298.56635721
  1.42077677   0.96013932   1.11671752   1.08440070   1.09171752 108.12930637 111.65221523 107.18733878 111.65221523  61.43364279 180.00000000 298.56635721
  1.42077677   0.96013932   1.06671752   1.08440070   1.09171752 108.12930637 111.65221523 107.18733878 111.65221523  61.43364279 180.00000000 298.56635721
  1.42077677   0.96013932   1.12171752   1.08440070   1.09171752 108.12930637 111.65221523 107.18733878 111.65221523  61.43364279 180.00000000 298.56635721
  1.42077677   0.96013932   1.06171752   1.08440070   1.09171752 108.12930637 111.65221523 107.18733878 111.65221523  61.43364279 180.00000000 298.56635721
  1.42077677   0.96013932   1.09171752   1.08940070   1.09171752 108.12930637 111.65221523 107.18733878 111.65221523  61.43364279 180.00000000 298.56635721
  1.42077677   0.96013932   1.09171752   1.07940070   1.09171752 108.12930637 111.65221523 107.18733878 111.65221523  61.43364279 180.00000000 298.56635721
  1.42077677   0.96013932   1.09171752   1.09440070   1.09171752 108.12930637 111.65221523 107.18733878 111.65221523  61.43364279 180.00000000 298.56635721
  1.42077677   0.96013932   1.09171752   1.07440070   1.09171752 108.12930637 111.65221523 107.18733878 111.65221523  61.43364279 180.00000000 298.56635721
  1.42077677   0.96013932   1.09171752   1.09940070   1.09171752 108.12930637 111.65221523 107.18733878 111.65221523  61.43364279 180.00000000 298.56635721
  1.42077677   0.96013932   1.09171752   1.06940070   1.09171752 108.12930637 111.65221523 107.18733878 111.65221523  61.43364279 180.00000000 298.56635721
  1.42077677   0.96013932   1.09171752   1.10440070   1.09171752 108.12930637 111.65221523 107.18733878 111.65221523  61.43364279 180.00000000 298.56635721
  1.42077677   0.96013932   1.09171752   1.06440070   1.09171752 108.12930637 111.65221523 107.18733878 111.65221523  61.43364279 180.00000000 298.56635721
  1.42077677   0.96013932   1.09171752   1.10940070   1.09171752 108.12930637 111.65221523 107.18733878 111.65221523  61.43364279 180.00000000 298.56635721
  1.42077677   0.96013932   1.09171752   1.05940070   1.09171752 108.12930637 111.65221523 107.18733878 111.65221523  61.43364279 180.00000000 298.56635721
  1.42077677   0.96013932   1.09171752   1.11440070   1.09171752 108.12930637 111.65221523 107.18733878 111.65221523  61.43364279 180.00000000 298.56635721
  1.42077677   0.96013932   1.09171752   1.05440070   1.09171752 108.12930637 111.65221523 107.18733878 111.65221523  61.43364279 180.00000000 298.56635721
  1.42077677   0.96013932   1.09171752   1.08440070   1.09171752 108.37930637 111.65221523 107.18733878 111.65221523  61.43364279 180.00000000 298.56635721
  1.42077677   0.96013932   1.09171752   1.08440070   1.09171752 107.87930637 111.65221523 107.18733878 111.65221523  61.43364279 180.00000000 298.56635721
  1.42077677   0.96013932   1.09171752   1.08440070   1.09171752 108.62930637 111.65221523 107.18733878 111.65221523  61.43364279 180.00000000 298.56635721
  1.42077677   0.96013932   1.09171752   1.08440070   1.09171752 107.62930637 111.65221523 107.18733878 111.65221523  61.43364279 180.00000000 298.56635721
  1.42077677   0.96013932   1.09171752   1.08440070   1.09171752 108.87930637 111.65221523 107.18733878 111.65221523  61.43364279 180.00000000 298.56635721
  1.42077677   0.96013932   1.09171752   1.08440070   1.09171752 107.37930637 111.65221523 107.18733878 111.65221523  61.43364279 180.00000000 298.56635721
  1.42077677   0.96013932   1.09171752   1.08440070   1.09171752 109.12930637 111.65221523 107.18733878 111.65221523  61.43364279 180.00000000 298.56635721
  1.42077677   0.96013932   1.09171752   1.08440070   1.09171752 107.12930637 111.65221523 107.18733878 111.65221523  61.43364279 180.00000000 298.56635721
  1.42077677   0.96013932   1.09171752   1.08440070   1.09171752 109.37930637 111.65221523 107.18733878 111.65221523  61.43364279 180.00000000 298.56635721
  1.42077677   0.96013932   1.09171752   1.08440070   1.09171752 106.87930637 111.65221523 107.18733878 111.65221523  61.43364279 180.00000000 298.56635721
  1.42077677   0.96013932   1.09171752   1.08440070   1.09171752 109.62930637 111.65221523 107.18733878 111.65221523  61.43364279 180.00000000 298.56635721
  1.42077677   0.96013932   1.09171752   1.08440070   1.09171752 106.62930637 111.65221523 107.18733878 111.65221523  61.43364279 180.00000000 298.56635721
  1.42077677   0.96013932   1.09171752   1.08440070   1.09171752 108.12930637 111.90221523 107.18733878 111.65221523  61.43364279 180.00000000 298.56635721
  1.42077677   0.96013932   1.09171752   1.08440070   1.09171752 108.12930637 111.40221523 107.18733878 111.65221523  61.43364279 180.00000000 298.56635721
  1.42077677   0.96013932   1.09171752   1.08440070   1.09171752 108.12930637 112.15221523 107.18733878 111.65221523  61.43364279 180.00000000 298.56635721
  1.42077677   0.96013932   1.09171752   1.08440070   1.09171752 108.12930637 111.15221523 107.18733878 111.65221523  61.43364279 180.00000000 298.56635721
  1.42077677   0.96013932   1.09171752   1.08440070   1.09171752 108.12930637 112.40221523 107.18733878 111.65221523  61.43364279 180.00000000 298.56635721
  1.42077677   0.96013932   1.09171752   1.08440070   1.09171752 108.12930637 110.90221523 107.18733878 111.65221523  61.43364279 180.00000000 298.56635721
  1.42077677   0.96013932   1.09171752   1.08440070   1.09171752 108.12930637 112.65221523 107.18733878 111.65221523  61.43364279 180.00000000 298.56635721
  1.42077677   0.96013932   1.09171752   1.08440070   1.09171752 108.12930637 110.65221523 107.18733878 111.65221523  61.43364279 180.00000000 298.56635721
  1.42077677   0.96013932   1.09171752   1.08440070   1.09171752 108.12930637 112.90221523 107.18733878 111.65221523  61.43364279 180.00000000 298.56635721
  1.42077677   0.96013932   1.09171752   1.08440070   1.09171752 108.12930637 110.40221523 107.18733878 111.65221523  61.43364279 180.00000000 298.56635721
  1.42077677   0.96013932   1.09171752   1.08440070   1.09171752 108.12930637 113.15221523 107.18733878 111.65221523  61.43364279 180.00000000 298.56635721
  1.42077677   0.96013932   1.09171752   1.08440070   1.09171752 108.12930637 110.15221523 107.18733878 111.65221523  61.43364279 180.00000000 298.56635721
  1.42077677   0.96013932   1.09171752   1.08440070   1.09171752 108.12930637 111.65221523 107.43733878 111.65221523  61.43364279 180.00000000 298.56635721
  1.42077677   0.96013932   1.09171752   1.08440070   1.09171752 108.12930637 111.65221523 106.93733878 111.65221523  61.43364279 180.00000000 298.56635721
  1.42077677   0.96013932   1.09171752   1.08440070   1.09171752 108.12930637 111.65221523 107.68733878 111.65221523  61.43364279 180.00000000 298.56635721
  1.42077677   0.96013932   1.09171752   1.08440070   1.09171752 108.12930637 111.65221523 106.68733878 111.65221523  61.43364279 180.00000000 298.56635721
  1.42077677   0.96013932   1.09171752   1.08440070   1.09171752 108.12930637 111.65221523 107.93733878 111.65221523  61.43364279 180.00000000 298.56635721
  1.42077677   0.96013932   1.09171752   1.08440070   1.09171752 108.12930637 111.65221523 106.43733878 111.65221523  61.43364279 180.00000000 298.56635721
  1.42077677   0.96013932   1.09171752   1.08440070   1.09171752 108.12930637 111.65221523 108.18733878 111.65221523  61.43364279 180.00000000 298.56635721
  1.42077677   0.96013932   1.09171752   1.08440070   1.09171752 108.12930637 111.65221523 106.18733878 111.65221523  61.43364279 180.00000000 298.56635721
  1.42077677   0.96013932   1.09171752   1.08440070   1.09171752 108.12930637 111.65221523 108.43733878 111.65221523  61.43364279 180.00000000 298.56635721
  1.42077677   0.96013932   1.09171752   1.08440070   1.09171752 108.12930637 111.65221523 105.93733878 111.65221523  61.43364279 180.00000000 298.56635721
  1.42077677   0.96013932   1.09171752   1.08440070   1.09171752 108.12930637 111.65221523 108.68733878 111.65221523  61.43364279 180.00000000 298.56635721
  1.42077677   0.96013932   1.09171752   1.08440070   1.09171752 108.12930637 111.65221523 105.68733878 111.65221523  61.43364279 180.00000000 298.56635721
  1.42077677   0.96013932   1.09171752   1.08440070   1.09171752 108.12930637 111.65221523 107.18733878 111.65221523  61.43364279 179.89793793 298.66841928
  1.42077677   0.96013932   1.09171752   1.08440070   1.09171752 108.12930637 111.65221523 107.18733878 111.65221523  61.43364279 180.10206207 298.46429514
  1.42077677   0.96013932   1.09171752   1.08440070   1.09171752 108.12930637 111.65221523 107.18733878 111.65221523  61.43364279 179.79587585 298.77048136
  1.42077677   0.96013932   1.09171752   1.08440070   1.09171752 108.12930637 111.65221523 107.18733878 111.65221523  61.43364279 180.20412415 298.36223306
  1.42077677   0.96013932   1.09171752   1.08440070   1.09171752 108.12930637 111.65221523 107.18733878 111.65221523  61.43364279 179.69381378 298.87254343
  1.42077677   0.96013932   1.09171752   1.08440070   1.09171752 108.12930637 111.65221523 107.18733878 111.65221523  61.43364279 180.30618622 298.26017099
  1.42077677   0.96013932   1.09171752   1.08440070   1.09171752 108.12930637 111.65221523 107.18733878 111.65221523  61.43364279 179.59175171 298.97460550
  1.42077677   0.96013932   1.09171752   1.08440070   1.09171752 108.12930637 111.65221523 107.18733878 111.65221523  61.43364279 180.40824829 298.15810892
  1.42077677   0.96013932   1.09171752   1.08440070   1.09171752 108.12930637 111.65221523 107.18733878 111.65221523  61.43364279 179.48968964 299.07666757
  1.42077677   0.96013932   1.09171752   1.08440070   1.09171752 108.12930637 111.65221523 107.18733878 111.65221523  61.43364279 180.51031036 298.05604685
  1.42077677   0.96013932   1.09171752   1.08440070   1.09171752 108.12930637 111.65221523 107.18733878 111.65221523  61.43364279 179.38762756 299.17872965
  1.42077677   0.96013932   1.09171752   1.08440070   1.09171752 108.12930637 111.65221523 107.18733878 111.65221523  61.43364279 180.61237244 297.95398477
  1.42077677   0.96013932   1.09171752   1.08440070   1.09171752 108.12930637 111.65221523 107.18733878 111.65221523  61.55149392 179.94107443 298.50743164
  1.42077677   0.96013932   1.09171752   1.08440070   1.09171752 108.12930637 111.65221523 107.18733878 111.65221523  61.31579166 180.05892557 298.62528278
  1.42077677   0.96013932   1.09171752   1.08440070   1.09171752 108.12930637 111.65221523 107.18733878 111.65221523  61.66934505 179.88214887 298.44850608
  1.42077677   0.96013932   1.09171752   1.08440070   1.09171752 108.12930637 111.65221523 107.18733878 111.65221523  61.19794053 180.11785113 298.68420834
  1.42077677   0.96013932   1.09171752   1.08440070   1.09171752 108.12930637 111.65221523 107.18733878 111.65221523  61.78719618 179.82322330 298.38958051
  1.42077677   0.96013932   1.09171752   1.08440070   1.09171752 108.12930637 111.65221523 107.18733878 111.65221523  61.08008940 180.17677670 298.74313391
  1.42077677   0.96013932   1.09171752   1.08440070   1.09171752 108.12930637 111.65221523 107.18733878 111.65221523  61.90504731 179.76429774 298.33065495
  1.42077677   0.96013932   1.09171752   1.08440070   1.09171752 108.12930637 111.65221523 107.18733878 111.65221523  60.96223827 180.23570226 298.80205947
  1.42077677   0.96013932   1.09171752   1.08440070   1.09171752 108.12930637 111.65221523 107.18733878 111.65221523  62.02289844 179.70537217 298.27172938
  1.42077677   0.96013932   1.09171752   1.08440070   1.09171752 108.12930637 111.65221523 107.18733878 111.65221523  60.84438714 180.29462783 298.86098504
  1.42077677   0.96013932   1.09171752   1.08440070   1.09171752 108.12930637 111.65221523 107.18733878 111.65221523  62.14074957 179.64644661 298.21280382
  1.42077677   0.96013932   1.09171752   1.08440070   1.09171752 108.12930637 111.65221523 107.18733878 111.65221523  60.72653601 180.35355339 298.91991060
  1.42077677   0.96013932   1.09171993   1.08440072   1.09171508 108.12930637 111.65111351 107.18734692 111.65331207  61.53364279 180.10000000 298.66635721
  1.42077677   0.96013932   1.09172231   1.08440076   1.09171262 108.12930637 111.65000689 107.18737134 111.65440406  61.63364279 180.20000000 298.76635721
  1.42077677   0.96013932   1.09172467   1.08440083   1.09171014 108.12930637 111.64889534 107.18741203 111.65549122  61.73364279 180.30000000 298.86635721
  1.42077677   0.96013932   1.09172701   1.08440092   1.09170764 108.12930637 111.64777884 107.18746901 111.65657359  61.83364279 180.40000000 298.96635721
  1.42077677   0.96013932   1.09172932   1.08440105   1.09170511 108.12930637 111.64665735 107.18754226 111.65765117  61.93364279 180.50000000 299.06635721
  1.42077677   0.96013932   1.09173161   1.08440120   1.09170255 108.12930637 111.64553086 107.18763179 111.65872401  62.03364279 180.60000000 299.16635721
  1.42077677   0.96013932   1.09173387   1.08440138   1.09169997 108.12930637 111.64439934 107.18773759 111.65979212  62.13364279 180.70000000 299.26635721
  1.42077677   0.96013932   1.09173611   1.08440159   1.09169737 108.12930637 111.64326276 107.18785967 111.66085554  62.23364279 180.80000000 299.36635721
  1.42077677   0.96013932   1.09173832   1.08440182   1.09169475 108.12930637 111.64212110 107.18799802 111.66191428  62.33364279 180.90000000 299.46635721
  1.42077677   0.96013932   1.09174051   1.08440208   1.09169210 108.12930637 111.64097433 107.18815265 111.66296837  62.43364279 181.00000000 299.56635721
  1.42077677   0.96013932   1.09174481   1.08440269   1.09168673 108.12930637 111.63866535 107.18851073 111.66506271  62.63364279 181.20000000 299.76635721
  1.42077677   0.96013932   1.09174901   1.08440341   1.09168126 108.12930637 111.63633563 107.18893388 111.66713875  62.83364279 181.40000000 299.96635721
  1.42077677   0.96013932   1.09175311   1.08440423   1.09167571 108.12930637 111.63398495 107.18942211 111.66919671  63.03364279 181.60000000 300.16635721
  1.42077677   0.96013932   1.09175710   1.08440517   1.09167006 108.12930637 111.63161312 107.18997539 111.67123677  63.23364279 181.80000000 300.36635721
  1.42077677   0.96013932   1.09176100   1.08440622   1.09166432 108.12930637 111.62921990 107.19059372 111.67325914  63.43364279 182.00000000 300.56635721
  1.42077677   0.96013932   1.09177894   1.08441312   1.09163425 108.12930637 111.61692594 107.19466035 111.68311253  64.43364279 183.00000000 301.56635721
  1.42077677   0.96013932   1.09179427   1.08442276   1.09160196 108.12930637 111.60406622 107.20034982 111.69255300  65.43364279 184.00000000 302.56635721
  1.42077677   0.96013932   1.09180692   1.08443516   1.09156755 108.12930637 111.59061441 107.20765833 111.70160447  66.43364279 185.00000000 303.56635721
